ID,下陷??Shape_Leng,angle,x,y,
2,-3,0,85.82334114,120.4854299,23.84266802
2,-3,0.001,78.23544883,120.4864228,23.84278032
2,-3,0.002,70.63832172,120.4873924,23.84302225
2,-3,0.003,65.51447924,120.4883174,23.84339994
2,-3,0.004,54.9572148,120.4891672,23.84392426
2,-3,0.005,40.98715176,120.4899128,23.84458716
2,-3,0.006,34.03685968,120.4905218,23.84537826
2,-3,0.007,22.41220174,120.4909524,23.84627928
2,-3,0.008,3.828459797,120.4911777,23.84725114
2,-3,0.009,351.8643766,120.4911679,23.84824849
2,-3,0.01,339.5494094,120.4909304,23.84921673
2,-3,0.011,328.434764,120.4904936,23.85011369
2,-3,0.012,319.2625316,120.4899122,23.85092559
2,-3,0.013,317.6542569,120.4892464,23.85167114
2,-3,0.014,311.3274286,120.4885222,23.85236004
2,-3,0.015,304.2075183,120.4877383,23.85297975
2,-3,0.016,298.8496567,120.4868813,23.85349362
2,-3,0.017,290.1187162,120.4859612,23.85388295
2,-3,0.018,281.7721799,120.4849976,23.85414563
2,-3,0.019,274.9063317,120.4840075,23.85427979
2,-3,0.02,268.0374975,120.4830084,23.854292
2,-3,0.021,261.2386687,120.4820152,23.85418237
2,-3,0.022,254.6083418,120.4810432,23.85394961
2,-3,0.023,246.2621595,120.4801105,23.85359138
2,-3,0.024,237.9398164,120.4792343,23.85311187
2,-3,0.025,224.0814601,120.478423,23.85252982
2,-3,0.026,215.9238246,120.4777733,23.85177271
2,-3,0.027,201.6528226,120.4773131,23.85088888
2,-3,0.028,186.4601699,120.4771074,23.84991434
2,-3,0.029,166.4901878,120.4771716,23.84891931
2,-3,0.03,155.661477,120.4774593,23.84796336
2,-3,0.031,147.8905843,120.4779103,23.8470721
2,-3,0.032,139.7908642,120.4784841,23.84625398
2,-3,0.033,135.1937513,120.4791558,23.84551386
2,-3,0.034,129.3407429,120.4798943,23.84484027
2,-3,0.035,124.1943255,120.4806948,23.84424171
2,-3,0.036,118.4589984,120.4815437,23.84371414
2,-3,0.037,115.2099022,120.4824375,23.84326634
2,-3,0.038,108.1269921,120.4833752,23.8429207
2,-3,0.039,99.1576756,120.484352,23.84271195
2,-3,0.04,90.00882599,120.4853498,23.84266546
3,-3,0,47.73697111,120.5056896,23.95244207
3,-3,0.001,23.16977737,120.5062962,23.95321285
3,-3,0.002,347.6972893,120.5063035,23.95419049
3,-3,0.003,314.281428,120.505749,23.955002
3,-3,0.004,280.6992062,120.5048755,23.95544903
3,-3,0.005,246.9460231,120.5039001,23.95537151
3,-3,0.006,219.4347943,120.5031509,23.95474348
3,-3,0.007,163.3780373,120.5029886,23.95377538
3,-3,0.008,132.8036449,120.5034099,23.95287922
3,-3,0.009,105.8325445,120.504229,23.95232497
3,-3,0.01,71.82743003,120.5052083,23.95225485
4,-3,0,82.98665883,120.4821592,23.96545702
4,-3,0.001,79.02310094,120.4831472,23.96560959
4,-3,0.002,74.14432513,120.4841206,23.96583691
4,-3,0.003,68.74363358,120.4850708,23.9661467
4,-3,0.004,62.60216927,120.4859871,23.96654579
4,-3,0.005,59.67523247,120.4868608,23.96703168
4,-3,0.006,53.29604671,120.4876804,23.96760396
4,-3,0.007,49.07207388,120.4884572,23.96823322
4,-3,0.008,48.35563725,120.4892056,23.96889628
4,-3,0.009,50.43432521,120.4899516,23.96956202
4,-3,0.01,52.77423659,120.4907313,23.97018794
4,-3,0.011,56.98824955,120.491553,23.9707573
4,-3,0.012,59.6231853,120.4924038,23.97128264
4,-3,0.013,58.86746578,120.4932578,23.97180284
4,-3,0.014,55.55930592,120.4940991,23.97234331
4,-3,0.015,52.10696616,120.4949077,23.97293124
4,-3,0.016,49.44741039,120.4956788,23.97356754
4,-3,0.017,43.70663723,120.4963973,23.9742626
4,-3,0.018,38.92577455,120.4970669,23.97500498
4,-3,0.019,35.61394367,120.4976723,23.97580061
4,-3,0.02,30.69451887,120.4982141,23.97664065
4,-3,0.021,26.30282058,120.4986882,23.97752074
4,-3,0.022,23.29167563,120.4990986,23.97843245
4,-3,0.023,17.31599162,120.4994434,23.97937036
4,-3,0.024,13.11199904,120.4996965,23.98033746
4,-3,0.025,6.710266034,120.4998721,23.98132163
4,-3,0.026,2.564769665,120.4999657,23.98231697
4,-3,0.027,358.4415608,120.4999755,23.98331655
4,-3,0.028,354.2917447,120.499911,23.98431411
4,-3,0.029,350.0489034,120.4997671,23.98530335
4,-3,0.03,345.7082566,120.4995429,23.9862776
4,-3,0.031,338.9274643,120.4992397,23.98723021
4,-3,0.032,336.1187481,120.4988591,23.98815471
4,-3,0.033,329.5235961,120.4984125,23.98904853
4,-3,0.034,324.0326604,120.497882,23.98989584
4,-3,0.035,320.6889852,120.4972731,23.99068861
4,-3,0.036,315.5349894,120.4965998,23.99142746
4,-3,0.037,310.7064599,120.495863,23.992103
4,-3,0.038,303.8249855,120.4950671,23.99270792
4,-3,0.039,300.3768765,120.4942224,23.99324227
4,-3,0.04,294.9288578,120.4933322,23.99369698
4,-3,0.041,289.4271712,120.4924061,23.99407256
4,-3,0.042,284.9486952,120.4914517,23.99437013
4,-3,0.043,282.192999,120.490478,23.99459726
4,-3,0.044,276.5265932,120.4894923,23.9947622
4,-3,0.045,273.1011122,120.4884962,23.9948472
4,-3,0.046,270.0506521,120.4874967,23.99487486
4,-3,0.047,267.3458517,120.4864971,23.99485173
4,-3,0.048,265.1633951,120.4854994,23.99478528
4,-3,0.049,263.1618165,120.4845049,23.99468203
4,-3,0.05,261.1343746,120.4835144,23.99454455
4,-3,0.051,259.5819779,120.4825286,23.9943768
4,-3,0.052,257.7415066,120.4815482,23.99418043
4,-3,0.053,255.9112123,120.4805748,23.99395141
4,-3,0.054,253.554465,120.4796102,23.99368833
4,-3,0.055,250.7984892,120.4786585,23.99338176
4,-3,0.056,246.2859299,120.4777254,23.99302311
4,-3,0.057,240.6489579,120.4768305,23.99257795
4,-3,0.058,237.9291881,120.4759715,23.99206644
4,-3,0.059,232.9303183,120.475155,23.99148949
4,-3,0.06,227.5766565,120.4743843,23.990853
4,-3,0.061,224.1002287,120.4736654,23.9901582
4,-3,0.062,219.7229948,120.4729951,23.98941644
4,-3,0.063,217.2566736,120.4723701,23.98863592
4,-3,0.064,215.3518736,120.4717779,23.98783022
4,-3,0.065,213.9691963,120.4712069,23.98700934
4,-3,0.066,212.291699,120.4706522,23.98617734
4,-3,0.067,211.6084058,120.4701187,23.98533161
4,-3,0.068,208.8983688,120.4696173,23.98446654
4,-3,0.069,205.365451,120.4691631,23.983576
4,-3,0.07,201.1257301,120.4687751,23.98265472
4,-3,0.071,196.5231346,120.4684671,23.98170365
4,-3,0.072,187.9600541,120.468254,23.98072713
4,-3,0.073,182.3600568,120.4681502,23.9797331
4,-3,0.074,176.074231,120.4681579,23.97873397
4,-3,0.075,169.6564259,120.4682856,23.97774301
4,-3,0.076,162.7842651,120.4685372,23.97677607
4,-3,0.077,155.7939263,120.468912,23.97584975
4,-3,0.078,148.021473,120.4694045,23.97498037
4,-3,0.079,139.5560238,120.4700087,23.97418492
4,-3,0.08,129.735101,120.4707126,23.97347623
4,-3,0.081,125.0263965,120.4715036,23.97286561
4,-3,0.082,119.1035414,120.4723579,23.97234701
4,-3,0.083,130.9685879,120.4731981,23.97180852
4,-3,0.084,149.5553086,120.4737987,23.97101467
4,-3,0.085,149.5326428,120.4742981,23.97014842
4,-3,0.086,144.9436843,120.4748376,23.96930701
4,-3,0.087,139.9125874,120.4754448,23.96851312
4,-3,0.088,132.8736608,120.4761307,23.96778623
4,-3,0.089,128.0198448,120.4768902,23.96713644
4,-3,0.09,121.8162663,120.4777107,23.96656593
4,-3,0.091,116.8881612,120.4785771,23.96606733
4,-3,0.092,114.5996377,120.4794784,23.9656345
4,-3,0.093,98.09928648,120.480432,23.96535996
4,-3,0.094,86.68164205,120.4814306,23.96538671
1,-4,0,261.2219095,120.1857591,23.29687655
1,-4,0.001,265.3279608,120.1847669,23.29675404
1,-4,0.002,269.8182168,120.1837684,23.29670713
1,-4,0.003,275.9740349,120.18277,23.29674879
1,-4,0.004,280.0341742,120.1817796,23.29688433
1,-4,0.005,285.9915843,120.1808056,23.29710792
1,-4,0.006,292.7413315,120.1798615,23.29743504
1,-4,0.007,298.6285758,120.1789576,23.2978615
1,-4,0.008,305.2531273,120.1780973,23.2983704
1,-4,0.009,308.3313494,120.1772938,23.29896521
1,-4,0.01,314.0591173,120.176539,23.29962056
1,-4,0.011,316.5923439,120.1758341,23.30032948
1,-4,0.012,319.9380958,120.175173,23.30107948
1,-4,0.013,324.0567144,120.1745577,23.30186764
1,-4,0.014,326.0530395,120.1739833,23.30268605
1,-4,0.015,329.174633,120.173456,23.30353562
1,-4,0.016,332.4823746,120.1729734,23.30441121
1,-4,0.017,336.0954246,120.1725477,23.30531584
1,-4,0.018,339.7247193,120.172181,23.30624595
1,-4,0.019,344.0307134,120.171883,23.30720021
1,-4,0.02,350.1764978,120.1716606,23.30817489
1,-4,0.021,354.6847626,120.171519,23.30916444
1,-4,0.022,359.3379595,120.1714646,23.31016251
1,-4,0.023,4.036815738,120.1715002,23.31116143
1,-4,0.024,7.676912222,120.171616,23.31215451
1,-4,0.025,14.9064421,120.171822,23.31313274
1,-4,0.026,18.42607128,120.1721008,23.31409289
1,-4,0.027,22.63432945,120.1724501,23.31502962
1,-4,0.028,26.93797088,120.1728598,23.31594149
1,-4,0.029,32.2755636,120.1733441,23.31681579
1,-4,0.03,39.08668932,120.1739138,23.31763686
1,-4,0.031,46.16386758,120.1745802,23.31838137
1,-4,0.032,50.5152774,120.1753216,23.31905215
1,-4,0.033,53.65082809,120.1761112,23.31966535
1,-4,0.034,54.58720083,120.1769229,23.32024935
1,-4,0.035,55.12945039,120.1777405,23.32082511
1,-4,0.036,55.7022458,120.1785597,23.32139861
1,-4,0.037,51.87900164,120.1793661,23.32198906
1,-4,0.038,52.07687966,120.1801675,23.32258702
1,-4,0.039,51.04881293,120.1809345,23.3232283
1,-4,0.04,48.44739645,120.1816966,23.32387537
1,-4,0.041,45.01782758,120.1824292,23.32455575
1,-4,0.042,43.12981157,120.183124,23.3252748
1,-4,0.043,38.56225834,120.1837711,23.32603684
1,-4,0.044,32.99400257,120.1843591,23.32684508
1,-4,0.045,28.34272119,120.1848593,23.32771015
1,-4,0.046,22.76398782,120.1852849,23.32861401
1,-4,0.047,15.52207758,120.1856256,23.32955318
1,-4,0.048,9.414316372,120.1858531,23.33052621
1,-4,0.049,3.422826863,120.1859625,23.33151945
1,-4,0.05,359.0366821,120.1859706,23.33251909
1,-4,0.051,4.866671631,120.1859626,23.33351878
1,-4,0.052,43.58629359,120.1862024,23.33447338
1,-4,0.053,82.59536958,120.1870258,23.33495262
1,-4,0.054,117.3932242,120.1879747,23.33469938
1,-4,0.055,120.9980854,120.1888488,23.33421537
1,-4,0.056,114.9660645,120.189723,23.33373142
1,-4,0.057,108.2506173,120.190642,23.33333862
1,-4,0.058,100.7620773,120.1916031,23.33306512
1,-4,0.059,94.59218292,120.1925885,23.33289829
1,-4,0.06,87.40935838,120.1935867,23.33284856
1,-4,0.061,80.59604404,120.1945828,23.33292896
1,-4,0.062,73.45258772,120.1955609,23.33313338
1,-4,0.063,64.42035437,120.1965031,23.33346544
1,-4,0.064,61.81725467,120.1973996,23.33390679
1,-4,0.065,51.31739248,120.1982163,23.3344818
1,-4,0.066,44.13570331,120.1989598,23.33514954
1,-4,0.067,37.58877545,120.1996309,23.33588943
1,-4,0.068,36.65878586,120.200233,23.33668783
1,-4,0.069,34.63624798,120.2008044,23.33750838
1,-4,0.07,32.68542471,120.2013551,23.33834307
1,-4,0.071,33.72516865,120.2019029,23.33917962
1,-4,0.072,36.02777534,120.2024705,23.34000285
1,-4,0.073,39.9234477,120.2030754,23.34079891
1,-4,0.074,41.20184793,120.2037312,23.34155377
1,-4,0.075,50.60303135,120.2044641,23.34223274
1,-4,0.076,60.45771131,120.2052737,23.34281766
1,-4,0.077,64.89389305,120.2061621,23.34327515
1,-4,0.078,75.10057288,120.2071136,23.34357916
1,-4,0.079,84.7698797,120.2081026,23.3437191
1,-4,0.08,93.83005104,120.2091013,23.34369524
1,-4,0.081,102.0312455,120.2100852,23.34352045
1,-4,0.082,109.7824457,120.2110359,23.34321198
1,-4,0.083,117.6677983,120.2119392,23.34278443
1,-4,0.084,125.3957836,120.2127828,23.34224919
1,-4,0.085,137.94582,120.2135378,23.34159554
1,-4,0.086,156.6333079,120.2141338,23.34079737
1,-4,0.087,172.6657985,120.2144362,23.33984889
1,-4,0.088,181.3618394,120.2144967,23.3388523
1,-4,0.089,186.9336698,120.2144223,23.33785572
1,-4,0.09,191.9031879,120.2142422,23.33687253
1,-4,0.091,197.2170973,120.2139796,23.33590806
1,-4,0.092,201.4723745,120.2136335,23.3349701
1,-4,0.093,207.0869833,120.2131986,23.33406995
1,-4,0.094,211.9810413,120.2126908,23.33320886
1,-4,0.095,217.0656355,120.2121154,23.33239161
1,-4,0.096,221.3590172,120.2114794,23.33162009
1,-4,0.097,223.1683786,120.2108035,23.33088338
1,-4,0.098,227.2989038,120.2101054,23.33016765
1,-4,0.099,227.3475997,120.2093684,23.32949191
1,-4,0.1,229.8643292,120.2086175,23.32883171
1,-4,0.101,230.4323144,120.2078522,23.32818815
1,-4,0.102,229.3626349,120.2070931,23.32753731
1,-4,0.103,227.1602994,120.2063489,23.32686955
1,-4,0.104,225.429169,120.2056234,23.32618149
1,-4,0.105,223.7989312,120.2049233,23.3254676
1,-4,0.106,220.010451,120.2042664,23.32471375
1,-4,0.107,215.1652784,120.2036536,23.323924
1,-4,0.108,212.0398198,120.2030935,23.32309578
1,-4,0.109,215.5654075,120.202586,23.32223479
1,-4,0.11,207.1448278,120.2020656,23.32138403
1,-4,0.111,205.2591109,120.2016363,23.32048086
1,-4,0.112,200.3849987,120.2012577,23.31955538
1,-4,0.113,198.5266302,120.2009123,23.31861692
1,-4,0.114,196.4576429,120.2006063,23.31766498
1,-4,0.115,195.1823269,120.2003303,23.31670384
1,-4,0.116,193.8431909,120.2000788,23.31573603
1,-4,0.117,193.186794,120.1998446,23.31476384
1,-4,0.118,192.439235,120.1996242,23.31378844
1,-4,0.119,192.2441732,120.199412,23.31281123
1,-4,0.12,192.0512635,120.1991984,23.31183431
1,-4,0.121,191.4266767,120.1990506,23.31084744
1,-4,0.122,193.6520629,120.1988213,23.30987412
1,-4,0.123,194.5377652,120.1985783,23.30890411
1,-4,0.124,196.1863443,120.1983108,23.30794061
1,-4,0.125,198.627686,120.1980102,23.30698697
1,-4,0.126,201.5676271,120.1976603,23.30605033
1,-4,0.127,205.6617498,120.1972472,23.30513989
1,-4,0.128,210.9107146,120.1967615,23.30426627
1,-4,0.129,214.3731765,120.19622,23.30342587
1,-4,0.13,218.8467297,120.1956245,23.30262277
1,-4,0.131,222.5961308,120.1949798,23.30185865
1,-4,0.132,224.9691778,120.1942878,23.30113695
1,-4,0.133,229.8115228,120.1935511,23.30046115
1,-4,0.134,232.3568652,120.1927727,23.29983369
2,-4,0,261.8500031,120.2057903,23.37466004
2,-4,0.001,266.3693129,120.2047963,23.37455481
2,-4,0.002,271.0833559,120.203797,23.37453135
2,-4,0.003,276.0291868,120.2027989,23.37458454
2,-4,0.004,280.8834742,120.2018105,23.37473351
2,-4,0.005,285.8890859,120.2008387,23.37496705
2,-4,0.006,290.4237502,120.1998889,23.37527885
2,-4,0.007,294.5403318,120.1989647,23.37565996
2,-4,0.008,298.1814834,120.1980663,23.37609858
2,-4,0.009,299.6377904,120.1971922,23.37658411
2,-4,0.01,302.4175703,120.1963416,23.3771098
2,-4,0.011,304.7186029,120.1955093,23.37766399
2,-4,0.012,306.2573939,120.1946931,23.37824173
2,-4,0.013,306.9126735,120.1938901,23.3788376
2,-4,0.014,308.1461824,120.1930969,23.3794466
2,-4,0.015,307.9377545,120.1923096,23.38006311
2,-4,0.016,308.530579,120.1915263,23.38068472
2,-4,0.017,309.7008874,120.1907465,23.38131079
2,-4,0.018,309.3738099,120.1899732,23.38194481
2,-4,0.019,310.9049806,120.1892078,23.38258834
2,-4,0.02,311.2767814,120.188454,23.38324531
2,-4,0.021,312.9868584,120.1877128,23.38391658
2,-4,0.022,313.6988385,120.1869855,23.38460287
2,-4,0.023,315.4578303,120.1862715,23.38530299
2,-4,0.024,316.6594737,120.1855768,23.38602224
2,-4,0.025,318.373531,120.1848999,23.3867582
2,-4,0.026,319.9725727,120.1842467,23.38751536
2,-4,0.027,322.1620747,120.1836189,23.38829363
2,-4,0.028,325.0920497,120.1830223,23.38909603
2,-4,0.029,328.6635298,120.1824659,23.38992676
2,-4,0.03,330.4792466,120.1819598,23.3907891
2,-4,0.031,334.7023893,120.1815147,23.39168438
2,-4,0.032,341.8455346,120.1811428,23.39261236
2,-4,0.033,346.2678983,120.1808542,23.39356952
2,-4,0.034,350.8995368,120.1806479,23.39454759
2,-4,0.035,355.0184916,120.1805236,23.39553948
2,-4,0.036,359.3401012,120.1804798,23.39653814
2,-4,0.037,3.666009747,120.1805178,23.3975371
2,-4,0.038,10.85992148,120.1806459,23.39852847
2,-4,0.039,15.73894032,120.1808663,23.39950344
2,-4,0.04,20.13573393,120.1811716,23.40045531
2,-4,0.041,23.16523184,120.1815403,23.40138466
2,-4,0.042,24.93477124,120.1819467,23.40229832
2,-4,0.043,25.72254121,120.1823719,23.40320338
2,-4,0.044,25.19241973,120.1828028,23.40410582
2,-4,0.045,23.50396985,120.1832247,23.40501233
2,-4,0.046,25.21035742,120.1836483,23.40591802
2,-4,0.047,25.7503041,120.1840799,23.40682007
2,-4,0.048,27.30799465,120.1845262,23.40771483
2,-4,0.049,30.22530057,120.1850049,23.40859254
2,-4,0.05,34.4558473,120.1855351,23.40943999
2,-4,0.051,40.23516657,120.1861397,23.41023573
2,-4,0.052,48.46995133,120.1868382,23.41095012
2,-4,0.053,53.44091735,120.1876193,23.41157324
2,-4,0.054,62.09217714,120.1884746,23.41209003
2,-4,0.055,68.74739722,120.1893836,23.41250526
2,-4,0.056,75.73713957,120.1903329,23.41281667
2,-4,0.057,80.3108254,120.1913044,23.41305101
2,-4,0.058,83.88525396,120.1922941,23.41319258
2,-4,0.059,87.54721399,120.1932903,23.41327662
2,-4,0.06,90.50826059,120.19429,23.41327924
2,-4,0.061,92.94810781,120.1952894,23.41324707
2,-4,0.062,95.03122991,120.1962876,23.41319299
2,-4,0.063,96.57787631,120.1972829,23.41309699
2,-4,0.064,97.76226037,120.1982747,23.41296914
2,-4,0.065,98.8489465,120.1992639,23.41282251
2,-4,0.066,99.72313381,120.2002505,23.41265949
2,-4,0.067,100.5620358,120.2012267,23.41244543
2,-4,0.068,101.0307101,120.202209,23.41225818
2,-4,0.069,100.8153245,120.2031901,23.41206511
2,-4,0.07,102.3587188,120.2041683,23.41185749
2,-4,0.071,102.9420499,120.2051436,23.41163667
2,-4,0.072,103.6689587,120.2061164,23.41140513
2,-4,0.073,104.329118,120.2070868,23.41116355
2,-4,0.074,105.1237064,120.2080537,23.41090836
2,-4,0.075,105.9557796,120.2090169,23.41063961
2,-4,0.076,106.9555276,120.2099757,23.41035553
2,-4,0.077,108.1806617,120.2109298,23.41005621
2,-4,0.078,109.5954348,120.211876,23.40973287
2,-4,0.079,111.2509036,120.2128101,23.40937617
2,-4,0.08,113.5138214,120.2137365,23.40899977
2,-4,0.081,115.9147035,120.2146533,23.40860065
2,-4,0.082,117.0096112,120.2155489,23.40815583
2,-4,0.083,119.6505864,120.2164248,23.40767351
2,-4,0.084,122.9041526,120.2172766,23.40714997
2,-4,0.085,126.1895229,120.218104,23.40658859
2,-4,0.086,128.0319627,120.2189012,23.40598514
2,-4,0.087,133.6981497,120.2196558,23.40532955
2,-4,0.088,136.0140742,120.220364,23.40462381
2,-4,0.089,142.0890301,120.2210184,23.40386815
2,-4,0.09,147.1858614,120.221605,23.40305879
2,-4,0.091,152.8741218,120.222118,23.40220093
2,-4,0.092,158.2841396,120.2225457,23.40129753
2,-4,0.093,163.6855978,120.2228821,23.40035634
2,-4,0.094,168.8691428,120.2231249,23.3993868
2,-4,0.095,173.7067863,120.2232753,23.39839866
2,-4,0.096,178.1094524,120.2233385,23.39740104
2,-4,0.097,183.7956407,120.2233229,23.3964014
2,-4,0.098,186.948357,120.2232376,23.39540522
2,-4,0.099,189.5910795,120.2230965,23.39441537
2,-4,0.1,193.0190832,120.2228564,23.39344604
2,-4,0.101,194.6079304,120.2226198,23.39247448
2,-4,0.102,196.5028138,120.2223471,23.39151246
2,-4,0.103,197.9550889,120.2220461,23.39055888
2,-4,0.104,200.5259077,120.2216814,23.38962815
2,-4,0.105,202.1947016,120.2213203,23.38869565
2,-4,0.106,203.8952238,120.2209307,23.38777474
2,-4,0.107,203.9545697,120.2205222,23.38686201
2,-4,0.108,204.7820979,120.2201117,23.38595018
2,-4,0.109,208.7602087,120.2196461,23.38506522
2,-4,0.11,210.7741874,120.2191494,23.38419732
2,-4,0.111,213.1265884,120.2186129,23.38335349
2,-4,0.112,215.9753365,120.2180456,23.3825301
2,-4,0.113,218.2741897,120.2174435,23.38173184
2,-4,0.114,220.6149287,120.2168091,23.38095894
2,-4,0.115,224.0144785,120.2161436,23.38021287
2,-4,0.116,226.708641,120.2154377,23.37950479
2,-4,0.117,230.0191199,120.2146927,23.37883799
2,-4,0.118,229.5534451,120.2139253,23.37819683
2,-4,0.119,235.0003754,120.2131209,23.3776035
2,-4,0.12,239.3947367,120.2122849,23.37705542
2,-4,0.121,240.9275968,120.2114181,23.37655693
2,-4,0.122,244.9938272,120.2105261,23.37610552
2,-4,0.123,247.1487351,120.2096145,23.37569479
2,-4,0.124,255.8201904,120.2086754,23.37535631
2,-4,0.125,254.0510304,120.207717,23.37507214
2,-4,0.126,258.0334634,120.2067472,23.37482955
9,-3,0,263.8703265,120.267422,23.44358673
9,-3,0.001,271.9711348,120.2664236,23.44356027
9,-3,0.002,278.7370023,120.2654304,23.44366963
9,-3,0.003,288.613155,120.2644657,23.44392684
9,-3,0.004,297.7790082,120.263551,23.44432742
9,-3,0.005,307.1952209,120.2627074,23.4448617
9,-3,0.006,316.4176938,120.2619646,23.4455289
9,-3,0.007,326.8011228,120.2613575,23.44632086
9,-3,0.008,339.3281921,120.2608948,23.44720592
9,-3,0.009,350.1804921,120.2606064,23.44816165
9,-3,0.01,0.060009526,120.2605061,23.44915469
9,-3,0.011,9.224113055,120.2605875,23.45014962
9,-3,0.012,17.64460777,120.2608328,23.45111768
9,-3,0.013,25.70322449,120.2612216,23.45203793
9,-3,0.014,33.26932673,120.2617328,23.45289643
9,-3,0.015,42.7396673,120.2623428,23.45368781
9,-3,0.016,48.2436249,120.2630509,23.45439261
9,-3,0.017,59.39180521,120.2638498,23.45499155
9,-3,0.018,70.54540168,120.2647353,23.45545353
9,-3,0.019,76.39826698,120.2656925,23.45573842
9,-3,0.02,92.35083881,120.2666866,23.45583517
9,-3,0.021,101.4669302,120.2676819,23.45574974
9,-3,0.022,109.7809405,120.2686525,23.45551202
9,-3,0.023,113.4081522,120.2695821,23.45514481
9,-3,0.024,121.9062941,120.2704572,23.45466318
9,-3,0.025,130.4123421,120.2712534,23.45406014
9,-3,0.026,140.5310808,120.2719485,23.45334341
9,-3,0.027,151.373814,120.2725125,23.45251983
9,-3,0.028,162.8685087,120.2729128,23.45160571
9,-3,0.029,173.0482471,120.2731539,23.45063733
9,-3,0.03,181.212355,120.2732029,23.44963992
9,-3,0.031,189.6086708,120.273091,23.44864752
9,-3,0.032,198.2231885,120.2728217,23.44768555
9,-3,0.033,207.3453625,120.2724021,23.44677884
9,-3,0.034,215.1649936,120.2718533,23.44594342
9,-3,0.035,226.5134832,120.2711754,23.44521055
9,-3,0.036,236.1133157,120.2703807,23.44460554
9,-3,0.037,246.0036057,120.269506,23.44412386
9,-3,0.038,255.9184941,120.2685653,23.44378938
9,-3,0.039,263.7895183,120.2675838,23.44360433
10,-3,0,237.3760059,120.1667844,23.47513664
10,-3,0.001,259.2159959,120.1658417,23.47482421
10,-3,0.002,280.3288362,120.1648501,23.47488342
10,-3,0.003,301.9141279,120.1639393,23.47528081
10,-3,0.004,319.01663,120.1631998,23.47594548
10,-3,0.005,337.167753,120.1627122,23.47681276
10,-3,0.006,355.8114848,120.1625294,23.47778999
10,-3,0.007,24.22072316,120.1626935,23.47876917
10,-3,0.008,38.63849532,120.163235,23.47960264
10,-3,0.009,69.71137947,120.1640656,23.48014011
10,-3,0.01,89.12224561,120.1650435,23.48031165
10,-3,0.011,109.8901225,120.166021,23.48014843
10,-3,0.012,128.4606383,120.1668856,23.47965753
10,-3,0.013,144.8548816,120.1675535,23.47892181
10,-3,0.014,164.4665823,120.1679553,23.47801401
10,-3,0.015,183.2426303,120.1680295,23.47702358
10,-3,0.016,204.5180988,120.1677257,23.47607806
10,-3,0.017,234.602382,120.1670666,23.47533719
11,-3,0,247.8459842,120.3248199,23.50885961
11,-3,0.001,259.8724952,120.3238602,23.50858832
11,-3,0.002,272.1590047,120.3228641,23.50854238
11,-3,0.003,286.5581645,120.321884,23.50872072
11,-3,0.004,306.5620951,120.3209896,23.50914908
11,-3,0.005,330.4181061,120.320322,23.5098816
11,-3,0.006,353.6503616,120.3200023,23.51081955
11,-3,0.007,11.07754274,120.3200456,23.51181227
11,-3,0.008,25.57197129,120.3203787,23.51275097
11,-3,0.009,37.24869164,120.3209205,23.51358883
11,-3,0.01,52.47957538,120.3216136,23.51430534
11,-3,0.011,61.23908566,120.322442,23.51486227
11,-3,0.012,72.70461373,120.3233556,23.51526294
11,-3,0.013,85.09047075,120.3243317,23.51546667
11,-3,0.014,100.0898938,120.3253268,23.51543223
11,-3,0.015,119.1329857,120.3262694,23.5151171
11,-3,0.016,134.2749416,120.3270655,23.5145216
11,-3,0.017,161.2848413,120.327588,23.51367799
11,-3,0.018,178.889137,120.3277736,23.51270175
11,-3,0.019,194.6764533,120.3276376,23.51171609
11,-3,0.02,209.7573464,120.3272274,23.51080838
11,-3,0.021,221.8026742,120.3266164,23.5100199
11,-3,0.022,236.031846,120.3258399,23.50939308
11,-3,0.023,247.921447,120.3249632,23.50891773
12,-3,0,252.878005,120.2570814,23.51712928
12,-3,0.001,319.4514652,120.2562195,23.51759796
12,-3,0.002,317.9084423,120.2555568,23.51834503
12,-3,0.003,325.2434783,120.2549514,23.51913969
12,-3,0.004,329.1815508,120.2544071,23.51997818
12,-3,0.005,333.8481887,120.2539212,23.52085176
12,-3,0.006,336.5792423,120.2534439,23.52172894
12,-3,0.007,340.2459134,120.2530729,23.52265717
12,-3,0.008,344.2396421,120.2527559,23.52360531
12,-3,0.009,349.1192814,120.2525222,23.52457711
12,-3,0.01,353.8648383,120.2523789,23.52556633
12,-3,0.011,359.3073838,120.2523331,23.52656476
12,-3,0.012,9.304776436,120.2523916,23.5275624
12,-3,0.013,22.35989983,120.2526163,23.52853427
12,-3,0.014,36.97818392,120.2531255,23.52938837
12,-3,0.015,51.05825434,120.2537994,23.53011925
12,-3,0.016,68.1236317,120.2547299,23.53032752
12,-3,0.017,91.23661554,120.2557021,23.53051251
12,-3,0.018,124.8794953,120.2566554,23.53029655
12,-3,0.019,114.5775041,120.2575669,23.52989821
12,-3,0.02,134.0814393,120.2583243,23.52928414
12,-3,0.021,121.4305608,120.2591779,23.52877406
12,-3,0.022,130.0980184,120.2599944,23.52819896
12,-3,0.023,133.2485123,120.2607488,23.52754394
12,-3,0.024,134.1583073,120.2614912,23.5268748
12,-3,0.025,131.5837918,120.2622125,23.5261826
12,-3,0.026,134.2689432,120.2629521,23.52550989
12,-3,0.027,134.4408042,120.2636726,23.52481659
12,-3,0.028,139.1137137,120.2643616,23.52409238
12,-3,0.029,152.8242373,120.2649258,23.5232707
12,-3,0.03,174.9262836,120.2652021,23.52231986
12,-3,0.031,201.8370256,120.2650108,23.52135236
12,-3,0.032,226.1011351,120.2644218,23.52055561
12,-3,0.033,240.8495475,120.2636085,23.51998165
12,-3,0.034,251.8358358,120.2626878,23.51959719
12,-3,0.035,257.2664391,120.2617227,23.51933792
12,-3,0.036,254.5549839,120.2607505,23.51910436
12,-3,0.037,248.7605586,120.2597983,23.5188009
12,-3,0.038,238.8449168,120.258896,23.51837382
12,-3,0.039,235.3584795,120.2580644,23.51782033
12,-3,0.04,238.374552,120.257257,23.51723739
16,-3,0,142.8425162,120.3227984,23.57283987
16,-3,0.001,148.1997603,120.323367,23.5720174
16,-3,0.002,151.0594004,120.3238826,23.57116076
16,-3,0.003,154.7898883,120.3243432,23.57027322
16,-3,0.004,158.4718522,120.3247442,23.56935726
16,-3,0.005,160.6220208,120.3251246,23.56843265
16,-3,0.006,167.3353224,120.3254161,23.56747707
16,-3,0.007,170.9897709,120.3256113,23.56649656
16,-3,0.008,174.8392999,120.3257366,23.56550475
16,-3,0.009,178.8668846,120.325787,23.56450635
16,-3,0.01,183.1075662,120.3257579,23.56350708
16,-3,0.011,189.9951265,120.3256416,23.56251422
16,-3,0.012,195.1713486,120.3254344,23.56153641
16,-3,0.013,200.768295,120.3251304,23.56058439
16,-3,0.014,206.9523133,120.3247282,23.55966963
16,-3,0.015,214.0801715,120.3242269,23.55880542
16,-3,0.016,220.9653556,120.3236274,23.55800597
16,-3,0.017,224.9217512,120.3229432,23.55727737
16,-3,0.018,232.2322856,120.3221837,23.55662748
16,-3,0.019,239.8356688,120.3213692,23.55604866
16,-3,0.02,241.0833066,120.3204988,23.55555635
16,-3,0.021,246.5522028,120.3195924,23.5551346
16,-3,0.022,251.9075321,120.3186524,23.55479475
16,-3,0.023,257.4818185,120.3176853,23.55454251
16,-3,0.024,263.0281278,120.3166982,23.5543853
16,-3,0.025,269.008421,120.3157004,23.55432958
16,-3,0.026,275.3600972,120.3147025,23.55438412
16,-3,0.027,282.0806263,120.3137178,23.55455446
16,-3,0.028,290.2061321,120.3127639,23.55485102
16,-3,0.029,296.8968625,120.3118522,23.55526004
16,-3,0.03,306.2360404,120.3110007,23.55578263
16,-3,0.031,310.4864759,120.310218,23.5564043
16,-3,0.032,320.1155105,120.3095069,23.5571065
16,-3,0.033,322.4464792,120.3088796,23.55788504
16,-3,0.034,327.3068616,120.308293,23.5586941
16,-3,0.035,332.1204218,120.3077821,23.55955327
16,-3,0.036,339.2596802,120.3073654,23.56046125
16,-3,0.037,346.4777284,120.307079,23.56141823
16,-3,0.038,349.0578506,120.3068733,23.56239671
16,-3,0.039,19.18207925,120.3067389,23.5721127
16,-3,0.04,25.28873697,120.3071093,23.57304081
16,-3,0.041,33.01325588,120.3075969,23.57391292
16,-3,0.042,44.53626689,120.3082044,23.57470615
40,-2,0,183.2311014,120.1287968,23.36336294
40,-2,0.001,182.2344214,120.1287466,23.36236422
40,-2,0.002,179.7792829,120.1287219,23.36136467
40,-2,0.003,180.4036338,120.1287135,23.36036473
40,-2,0.004,179.3597,120.1286841,23.359366
40,-2,0.005,178.2541154,120.128706,23.35836625
40,-2,0.006,177.6096707,120.1287411,23.35736687
40,-2,0.007,177.0579129,120.1287877,23.35636797
40,-2,0.008,198.8152413,120.1287022,23.3553887
40,-2,0.009,174.9474817,120.1287456,23.35439783
40,-2,0.01,174.7994016,120.1288354,23.35340187
40,-2,0.011,174.9588505,120.1289244,23.35240584
40,-2,0.012,175.152128,120.1290107,23.35140957
40,-2,0.013,176.4563909,120.1291344,23.35041906
40,-2,0.014,200.3173746,120.129193,23.3494208
40,-2,0.015,174.7854153,120.1290761,23.34845327
40,-2,0.016,175.6504046,120.1291612,23.34745691
40,-2,0.017,175.7625095,120.1292332,23.34645951
40,-2,0.018,175.5282942,120.1292987,23.34546173
40,-2,0.019,177.937645,120.1293367,23.34446255
40,-2,0.02,178.6439358,120.1293661,23.343463
40,-2,0.021,178.5416318,120.1293903,23.34246329
40,-2,0.022,178.4085784,120.129417,23.34146365
40,-2,0.023,182.9084758,120.129411,23.34046429
40,-2,0.024,198.3703506,120.1291523,23.33950094
40,-2,0.025,197.718862,120.1288391,23.33855127
40,-2,0.026,195.9163939,120.1285445,23.3375957
40,-2,0.027,194.5272943,120.1282754,23.33663264
40,-2,0.028,192.1885592,120.1280581,23.33565685
40,-2,0.029,191.5723797,120.1278524,23.33467823
40,-2,0.03,188.5022216,120.1276668,23.33369605
44,-1,0,99.8528079,120.2469799,23.51443455
44,-1,0.001,99.60922492,120.2479653,23.51426414
44,-1,0.002,98.07508715,120.248953,23.51410817
44,-1,0.003,97.00737734,120.2499449,23.51398174
44,-1,0.004,93.18627024,120.2509422,23.5139159
44,-1,0.005,87.63315519,120.2519416,23.51391609
44,-1,0.006,83.62878673,120.2529381,23.51399526
44,-1,0.007,80.01117188,120.2539272,23.51414079
44,-1,0.008,76.78839013,120.2549059,23.51434529
44,-1,0.009,76.08996343,120.2558781,23.51457908
44,-1,0.01,76.27019007,120.2568483,23.51482122
44,-1,0.011,80.74186478,120.2578283,23.51501833
44,-1,0.012,88.52269503,120.2588232,23.51510776
44,-1,0.013,97.23938144,120.2598199,23.51504678
44,-1,0.014,106.2339122,120.2607975,23.51484215
44,-1,0.015,111.8210885,120.2617401,23.51450979
44,-1,0.016,117.7133112,120.2626399,23.51407483
44,-1,0.017,122.1037496,120.2634916,23.51355165
44,-1,0.018,131.1080663,120.2642825,23.51294064
44,-1,0.019,132.9982512,120.2650199,23.51226588
44,-1,0.02,139.6281901,120.2656986,23.51153222
44,-1,0.021,144.2648285,120.2663268,23.51075463
44,-1,0.022,145.5308374,120.266914,23.50994541
44,-1,0.023,145.1103559,120.2674735,23.50911671
44,-1,0.024,144.6266909,120.2680305,23.50828647
44,-1,0.025,142.9102825,120.2686142,23.50747494
44,-1,0.026,138.8265607,120.26925,23.50670425
44,-1,0.027,119.6485381,120.2700184,23.50607227
44,-1,0.028,98.76665423,120.2709374,23.50569542
44,-1,0.029,84.39953551,120.2719325,23.50564916
44,-1,0.03,75.36888191,120.2729176,23.50581187
44,-1,0.031,72.17151728,120.2738812,23.50607806
44,-1,0.032,70.81074325,120.2748226,23.50641423
44,-1,0.033,63.02694976,120.2757552,23.50677352
44,-1,0.034,66.96729058,120.2766907,23.50712345
44,-1,0.035,77.64462568,120.2776431,23.50741416
44,-1,0.036,134.5138582,120.2785277,23.50705682
44,-1,0.037,148.5920857,120.2791421,23.50628077
44,-1,0.038,162.159742,120.2795835,23.50538696
44,-1,0.039,172.5311574,120.2798347,23.50442214
44,-1,0.04,185.7041408,120.2798525,23.50342592
44,-1,0.041,202.6359025,120.2796181,23.50245766
44,-1,0.042,218.1917294,120.2791393,23.50158216
44,-1,0.043,230.470336,120.278455,23.50085685
44,-1,0.044,244.2135671,120.2776501,23.50026602
44,-1,0.045,250.0197132,120.2767295,23.49987859
44,-1,0.046,259.7105047,120.2757551,23.49965798
44,-1,0.047,272.3977101,120.2747584,23.49958526
44,-1,0.048,279.0240095,120.2737609,23.49965111
44,-1,0.049,283.3149902,120.2727765,23.49982603
44,-1,0.05,288.105092,120.2718086,23.50007636
44,-1,0.051,289.0537898,120.2708608,23.50039493
44,-1,0.052,290.5967349,120.2699117,23.50070693
44,-1,0.053,285.7597616,120.2689544,23.50099291
44,-1,0.054,254.865895,120.2679791,23.50091721
44,-1,0.055,237.6590734,120.2671049,23.50046331
44,-1,0.056,237.4472569,120.2662756,23.49990511
44,-1,0.057,241.0752869,120.2654148,23.49939733
44,-1,0.058,245.6752293,120.2645233,23.49894599
44,-1,0.059,249.4330707,120.2635974,23.49856869
44,-1,0.06,251.3367222,120.262653,23.49823992
44,-1,0.061,255.0765852,120.2616931,23.4979602
44,-1,0.062,256.0801202,120.260723,23.49771795
44,-1,0.063,259.5609383,120.2597431,23.49751934
44,-1,0.064,261.1764419,120.2587566,23.49735549
44,-1,0.065,262.2737076,120.2577667,23.4972139
44,-1,0.066,262.8989905,120.2567749,23.49708669
44,-1,0.067,262.8569439,120.2557825,23.49696313
44,-1,0.068,262.1270284,120.2547913,23.49683133
44,-1,0.069,260.9575361,120.2538028,23.49667987
44,-1,0.07,258.2324928,120.2528207,23.496492
44,-1,0.071,254.6133181,120.251853,23.49624108
44,-1,0.072,245.6453585,120.2509208,23.49588267
44,-1,0.073,278.0044042,120.2499616,23.49571399
44,-1,0.074,258.2512841,120.2489709,23.49564511
44,-1,0.075,241.568724,120.2480477,23.49527202
44,-1,0.076,230.6472226,120.2472238,23.49470959
44,-1,0.077,219.5961608,120.2464952,23.49402647
44,-1,0.078,218.7085098,120.24586,23.49325527
44,-1,0.079,210.8259459,120.2453143,23.49241874
44,-1,0.08,201.5796502,120.2448813,23.49151919
44,-1,0.081,192.2796873,120.2446221,23.49055515
44,-1,0.082,181.3025731,120.2445311,23.48956144
44,-1,0.083,163.6997738,120.2446801,23.4885754
44,-1,0.084,154.3924711,120.2450201,23.48763667
44,-1,0.085,147.8149468,120.2454955,23.48675789
44,-1,0.086,144.989459,120.246046,23.48592335
44,-1,0.087,144.7140045,120.2466236,23.48510706
44,-1,0.088,146.0572821,120.2472061,23.48429456
44,-1,0.089,150.1641265,120.2477341,23.48344578
44,-1,0.09,156.2253702,120.2481861,23.48255455
44,-1,0.091,165.6873266,120.2485214,23.48161444
44,-1,0.092,171.0417581,120.248727,23.48063652
44,-1,0.093,179.4808118,120.2487873,23.47963958
44,-1,0.094,193.4439578,120.248674,23.47864744
44,-1,0.095,203.1441191,120.2483832,23.47769232
44,-1,0.096,214.3274424,120.2479267,23.47680464
44,-1,0.097,221.7620532,120.2473145,23.47601585
44,-1,0.098,230.7067935,120.2465779,23.47534104
44,-1,0.099,240.5205705,120.2457433,23.4747927
44,-1,0.1,248.4819839,120.2448413,23.47436363
44,-1,0.101,254.6328033,120.243895,23.47404242
44,-1,0.102,259.5530579,120.2429221,23.47381332
44,-1,0.103,263.7163288,120.2419337,23.47366338
44,-1,0.104,267.5654723,120.2409375,23.47357969
44,-1,0.105,271.886704,120.2399379,23.47357287
44,-1,0.106,276.1838523,120.2389403,23.4736371
44,-1,0.107,282.1010315,120.237953,23.47379188
44,-1,0.108,288.0291115,120.2369875,23.4740497
44,-1,0.109,297.5387089,120.2360608,23.47442133
44,-1,0.11,307.7391359,120.2352119,23.47494672
44,-1,0.111,321.1828442,120.2344951,23.4756395
44,-1,0.112,329.4319224,120.2339565,23.4764779
44,-1,0.113,337.3978648,120.2335152,23.47737321
44,-1,0.114,345.0299517,120.2331726,23.47831166
44,-1,0.115,348.5518858,120.2329351,23.47928282
44,-1,0.116,352.945383,120.2327573,23.48026633
44,-1,0.117,356.618208,120.2326729,23.48126251
44,-1,0.118,1.277064511,120.2325635,23.48225059
44,-1,0.119,3.618217102,120.2325997,23.48324985
44,-1,0.12,5.277305375,120.2326756,23.4842469
44,-1,0.121,6.392606924,120.2327775,23.48524168
44,-1,0.122,6.493025946,120.2328906,23.48623525
44,-1,0.123,5.144462596,120.2329785,23.48723136
44,-1,0.124,3.424007757,120.2330433,23.488229
44,-1,0.125,1.348567792,120.2330874,23.48922794
44,-1,0.126,4.910816005,120.2331215,23.49022675
44,-1,0.127,354.6098107,120.2330873,23.49122434
44,-1,0.128,356.3516188,120.2330252,23.49222237
44,-1,0.129,355.7493984,120.232956,23.49321996
44,-1,0.13,355.6575809,120.2328826,23.49421726
44,-1,0.131,357.7013107,120.232823,23.49521538
44,-1,0.132,358.1927389,120.2327857,23.49621468
44,-1,0.133,0.047344824,120.2327708,23.49721454
44,-1,0.134,1.665772698,120.2327812,23.49821444
44,-1,0.135,2.300138479,120.232814,23.49921389
44,-1,0.136,3.168769805,120.2328633,23.50021266
44,-1,0.137,3.945031682,120.2329259,23.50121069
44,-1,0.138,4.13868287,120.2329957,23.50220825
44,-1,0.139,4.016422998,120.2330665,23.50320574
44,-1,0.14,3.932990762,120.2331359,23.50420334
44,-1,0.141,4.362838227,120.2332071,23.50520079
8,-3,0,8.52143805,120.155031,23.31139021
8,-3,0.001,10.63834422,120.1551959,23.31237642
8,-3,0.002,13.14124672,120.155406,23.31335398
8,-3,0.003,15.39402612,120.1556599,23.31432114
8,-3,0.004,18.91359558,120.1559562,23.31527614
8,-3,0.005,19.56435328,120.1562788,23.31622263
8,-3,0.006,17.25173039,120.156604,23.31716817
8,-3,0.007,9.40933189,120.1568546,23.31813516
8,-3,0.008,356.7145517,120.1569109,23.31913022
8,-3,0.009,347.1042636,120.1567523,23.32011576
8,-3,0.01,341.4601157,120.1564674,23.32107378
8,-3,0.011,337.7957479,120.1561044,23.3220054
8,-3,0.012,335.2275469,120.1556965,23.32291835
8,-3,0.013,333.5506085,120.1552587,23.3238174
8,-3,0.014,332.7073859,120.1548041,23.32470807
8,-3,0.015,332.4540168,120.1543422,23.32559501
8,-3,0.016,332.6466732,120.15388,23.32648175
8,-3,0.017,332.8578613,120.1534207,23.32737005
8,-3,0.018,332.6905162,120.152961,23.32825813
8,-3,0.019,332.0947891,120.1524961,23.32914346
8,-3,0.02,331.5313342,120.1520216,23.33002371
8,-3,0.021,331.5246364,120.1515421,23.33090128
8,-3,0.022,331.9955809,120.151067,23.33178116
8,-3,0.023,333.0171378,120.1506054,23.33266823
8,-3,0.024,333.9727186,120.1501634,23.33356523
8,-3,0.025,337.1856332,120.1497544,23.33447756
8,-3,0.026,339.5202504,120.149388,23.33540791
8,-3,0.027,341.9826464,120.1490621,23.33635321
8,-3,0.028,344.9061562,120.1487855,23.33731405
8,-3,0.029,349.5028001,120.1485651,23.33828931
8,-3,0.03,352.677885,120.1484033,23.33927594
8,-3,0.031,354.5299092,120.1482953,23.34027
8,-3,0.032,358.8155542,120.1482456,23.34126839
8,-3,0.033,1.906027432,120.1482644,23.34226807
8,-3,0.034,6.682368808,120.148335,23.34326532
8,-3,0.035,9.279933029,120.1484714,23.34425583
8,-3,0.036,14.2178581,120.1486722,23.34523495
8,-3,0.037,17.54423928,120.1489446,23.34619689
8,-3,0.038,21.83042195,120.1492873,23.34713599
8,-3,0.039,26.41666798,120.1497033,23.34804495
8,-3,0.04,32.2957142,120.1501993,23.34891245
8,-3,0.041,36.04012214,120.1507692,23.3497339
8,-3,0.042,41.70988286,120.1513884,23.35051877
8,-3,0.043,45.30828992,120.1520712,23.35124885
8,-3,0.044,47.54680082,120.152798,23.35193544
8,-3,0.045,51.06174649,120.1535646,23.35257744
8,-3,0.046,54.40116911,120.1543593,23.35318406
8,-3,0.047,50.73514847,120.1551567,23.35378683
8,-3,0.048,57.95974315,120.1559782,23.35435574
8,-3,0.049,59.28454914,120.156829,23.35488125
8,-3,0.05,60.13618987,120.1576922,23.35538602
8,-3,0.051,61.94497344,120.1585459,23.35590566
8,-3,0.052,64.9492571,120.1594429,23.35634736
8,-3,0.053,67.20590431,120.160359,23.35674794
8,-3,0.054,68.51740946,120.1612754,23.35714779
8,-3,0.055,70.25910289,120.162211,23.35750081
8,-3,0.056,71.01612483,120.1631554,23.35782938
8,-3,0.057,71.0239017,120.1641014,23.35815356
8,-3,0.058,70.53083591,120.1650426,23.35849112
8,-3,0.059,70.10064147,120.1659841,23.3588281
8,-3,0.06,69.05057892,120.1669217,23.35917574
8,-3,0.061,66.21367318,120.1678409,23.35956924
8,-3,0.062,63.76766689,120.168746,23.35999424
8,-3,0.063,61.13293669,120.1696253,23.36047019
8,-3,0.064,57.81237687,120.1704853,23.36098
8,-3,0.065,55.73386969,120.1713207,23.36152943
8,-3,0.066,60.2271707,120.1721505,23.36208489
8,-3,0.067,48.40109246,120.1729312,23.36270515
8,-3,0.068,44.5603701,120.1736551,23.36339445
8,-3,0.069,38.98446705,120.1743276,23.36413421
8,-3,0.07,35.9564861,120.1749418,23.364923
8,-3,0.071,32.16877969,120.1754995,23.36575262
8,-3,0.072,28.30615195,120.1759994,23.36661834
8,-3,0.073,24.61907468,120.1764441,23.36751368
8,-3,0.074,20.77816925,120.1768303,23.36843579
8,-3,0.075,16.97579924,120.1771512,23.3693826
8,-3,0.076,12.57281304,120.1773973,23.37035153
8,-3,0.077,8.215181699,120.1775649,23.37133708
8,-3,0.078,2.439379338,120.1776488,23.37233336
8,-3,0.079,359.7182056,120.1776777,23.37333281
8,-3,0.08,358.407953,120.1776613,23.37433264
8,-3,0.081,356.3403827,120.1776135,23.37533139
8,-3,0.082,349.2475019,120.1774988,23.37632445
8,-3,0.083,343.5220407,120.1772816,23.37730008
8,-3,0.084,338.1799347,120.1769651,23.37824814
8,-3,0.085,332.8318099,120.1765589,23.37916136
8,-3,0.086,327.4573721,120.1760712,23.38003382
8,-3,0.087,320.8573237,120.1755044,23.38085706
8,-3,0.088,316.795646,120.1748491,23.38161167
8,-3,0.089,307.0463726,120.1741126,23.38228685
8,-3,0.09,302.8349975,120.1732959,23.3828627
8,-3,0.091,295.5697926,120.1724163,23.38333668
8,-3,0.092,296.3934579,120.1715115,23.38376186
8,-3,0.093,309.8994938,120.1706597,23.38428041
8,-3,0.094,323.055323,120.1699714,23.38500167
8,-3,0.095,330.5061563,120.1694157,23.3858318
8,-3,0.096,336.0581663,120.168957,23.38671987
8,-3,0.097,340.4455212,120.168575,23.38764368
8,-3,0.098,344.6848962,120.1682671,23.38859479
8,-3,0.099,349.036367,120.1680363,23.38956741
8,-3,0.1,353.2495544,120.1678817,23.39055502
8,-3,0.101,357.3907246,120.1678076,23.39155194
8,-3,0.102,2.435791478,120.1678043,23.39255174
8,-3,0.103,5.490453056,120.167866,23.39354967
8,-3,0.104,8.212200559,120.167983,23.39454264
8,-3,0.105,10.56043425,120.1681476,23.39552889
8,-3,0.106,12.32745425,120.1683494,23.39650827
8,-3,0.107,13.92620689,120.1685818,23.39748084
8,-3,0.108,15.37633951,120.1688332,23.39844868
8,-3,0.109,16.05619892,120.1691027,23.3994117
8,-3,0.11,15.89751135,120.1693768,23.40037338
8,-3,0.111,15.45428861,120.1696501,23.40133531
8,-3,0.112,14.43318002,120.1699055,23.40230213
8,-3,0.113,12.65805848,120.170136,23.40327511
8,-3,0.114,9.856982375,120.170323,23.40425735
8,-3,0.115,2.865968772,120.1704392,23.40525015
8,-3,0.116,356.4916134,120.1704478,23.40624936
8,-3,0.117,350.4944593,120.170337,23.40724246
8,-3,0.118,344.6017552,120.1701131,23.40821638
8,-3,0.119,339.3332607,120.1697916,23.40916277
8,-3,0.12,336.144734,120.1694046,23.41008469
8,-3,0.121,332.9711649,120.1689681,23.41098428
8,-3,0.122,330.7305742,120.1684937,23.41186449
8,-3,0.123,328.9528124,120.1679917,23.41272933
8,-3,0.124,326.8698376,120.1674637,23.41357848
8,-3,0.125,326.317085,120.1669117,23.41441228
8,-3,0.126,325.3560214,120.1663499,23.41523953
8,-3,0.127,324.1680703,120.1657745,23.41605737
8,-3,0.128,323.9398868,120.1651879,23.41686723
8,-3,0.129,325.9351545,120.1646047,23.41767952
8,-3,0.13,331.7087059,120.1640682,23.41852277
8,-3,0.131,346.454199,120.1637177,23.41945462
8,-3,0.132,354.6447329,120.1635839,23.42044456
8,-3,0.133,354.5521926,120.1635009,23.4214411
8,-3,0.134,352.3960781,120.163393,23.42243518
8,-3,0.135,349.6933018,120.1632397,23.42342322
8,-3,0.136,346.7813163,120.1630345,23.42440175
8,-3,0.137,343.8691715,120.1627767,23.42536779
8,-3,0.138,341.0199393,120.1624637,23.42631742
8,-3,0.139,338.2721712,120.1621032,23.42725008
8,-3,0.14,335.1027957,120.1617053,23.42816742
8,-3,0.141,334.033868,120.1612783,23.42907169
8,-3,0.142,334.53152,120.1608401,23.42997053
8,-3,0.143,338.4256259,120.1604217,23.43087869
8,-3,0.144,344.6407979,120.1600826,23.43181891
8,-3,0.145,348.9199561,120.1598475,23.4327905
8,-3,0.146,350.4351578,120.159669,23.43377439
8,-3,0.147,351.972056,120.1595185,23.43476297
8,-3,0.148,353.769362,120.1593972,23.43575551
8,-3,0.149,358.0194498,120.159321,23.43675247
8,-3,0.15,2.268713919,120.1593103,23.43775212
8,-3,0.151,6.459693053,120.1593804,23.4387493
8,-3,0.152,11.73067781,120.1595412,23.43973572
8,-3,0.153,17.41872983,120.1598029,23.44070023
8,-3,0.154,23.99586623,120.1601733,23.44162843
8,-3,0.155,31.00490726,120.1606494,23.44250703
8,-3,0.156,39.21371408,120.1612299,23.44331991
8,-3,0.157,47.37195492,120.1619115,23.44405031
8,-3,0.158,54.05302533,120.1626812,23.44468737
8,-3,0.159,61.31665312,120.1635208,23.44522913
8,-3,0.16,65.78689847,120.1644201,23.44566538
8,-3,0.161,72.30953944,120.1653613,23.44600165
8,-3,0.162,78.36000517,120.1663312,23.44624334
8,-3,0.163,82.84292288,120.1673194,23.44639472
8,-3,0.164,86.96853256,120.1683163,23.44646966
8,-3,0.165,90.29755251,120.1693161,23.4464823
8,-3,0.166,91.65059894,120.1703158,23.44646009
8,-3,0.167,91.42964968,120.1713153,23.44642742
8,-3,0.168,89.55877038,120.1723151,23.44640993
8,-3,0.169,86.84392989,120.1733148,23.44643069
8,-3,0.17,83.33616421,120.174312,23.44650373
8,-3,0.171,79.4546528,120.1753023,23.44664108
8,-3,0.172,75.52603142,120.1762809,23.44684567
8,-3,0.173,71.72866654,120.177243,23.44711755
8,-3,0.174,67.56714748,120.1781844,23.44745436
8,-3,0.175,65.54082434,120.1791019,23.4478516
8,-3,0.176,62.17824127,120.1799954,23.44830049
8,-3,0.177,59.61173201,120.1808671,23.4487902
8,-3,0.178,57.99377799,120.1817219,23.44930906
8,-3,0.179,57.71010132,120.1825653,23.44984625
8,-3,0.18,61.40084002,120.1834246,23.4503567
8,-3,0.181,65.22691028,120.1843271,23.45078701
8,-3,0.182,66.92517942,120.1852413,23.45119204
8,-3,0.183,68.78827513,120.186167,23.4515703
8,-3,0.184,70.57255664,120.187104,23.45191947
8,-3,0.185,72.28717336,120.1880508,23.45224093
8,-3,0.186,73.29742878,120.1890058,23.45253754
8,-3,0.187,74.43346747,120.1899662,23.45281602
8,-3,0.188,74.98945966,120.19093,23.45308273
8,-3,0.189,75.41318907,120.1918969,23.45333785
8,-3,0.19,75.32910491,120.1928646,23.45358996
8,-3,0.191,75.40413034,120.1938329,23.45383987
8,-3,0.192,74.83973602,120.1947999,23.45409435
8,-3,0.193,73.69748213,120.1957638,23.45436073
8,-3,0.194,71.89937027,120.1967215,23.45464841
8,-3,0.195,70.82263207,120.197669,23.45496801
8,-3,0.196,68.26596634,120.1986023,23.45532699
8,-3,0.197,65.35231045,120.199518,23.45572834
8,-3,0.198,63.02629057,120.2004161,23.45616785
8,-3,0.199,60.58511148,120.2012958,23.45664315
8,-3,0.2,58.80095126,120.2021574,23.45715058
8,-3,0.201,57.16924509,120.2029988,23.45769068
8,-3,0.202,54.04684047,120.2038261,23.4582523
8,-3,0.203,53.65003652,120.2046356,23.45883912
8,-3,0.204,52.64102924,120.2054341,23.45944113
8,-3,0.205,52.12785029,120.2062303,23.46004539
8,-3,0.206,74.09663441,120.2070984,23.46052618
8,-3,0.207,83.47456795,120.2080762,23.46072675
8,-3,0.208,89.77285169,120.2090731,23.46079589
8,-3,0.209,98.15760638,120.2100703,23.46074059
8,-3,0.21,110.9133084,120.2110396,23.46050701
8,-3,0.211,125.5215324,120.2119284,23.46005517
8,-3,0.212,129.2637175,120.2127266,23.45945405
8,-3,0.213,136.8582504,120.2134524,23.45876717
8,-3,0.214,139.831858,120.2141112,23.45801521
8,-3,0.215,140.7778391,120.2147407,23.45723832
8,-3,0.216,143.2899635,120.2153633,23.4564559
8,-3,0.217,143.9693433,120.215962,23.45565512
8,-3,0.218,143.3033897,120.2165565,23.45485107
8,-3,0.219,142.1738851,120.2171635,23.45405635
8,-3,0.22,142.3441163,120.2177627,23.45325584
8,-3,0.221,139.4457259,120.2183914,23.45247858
8,-3,0.222,142.844499,120.2190174,23.451699
8,-3,0.223,144.0030348,120.219616,23.45089799
8,-3,0.224,158.191318,120.2202239,23.45010552
8,-3,0.225,148.5679082,120.2206821,23.44922222
8,-3,0.226,150.1805225,120.2211927,23.44836251
8,-3,0.227,153.5588372,120.2216552,23.44747608
8,-3,0.228,157.1619253,120.2220617,23.44656262
8,-3,0.229,163.5793602,120.2224067,23.44562419
8,-3,0.23,166.3284099,120.2226593,23.44465707
8,-3,0.231,168.6476053,120.222885,23.44368301
8,-3,0.232,171.103971,120.2230624,23.442699
8,-3,0.233,173.2661058,120.2231965,23.44170812
8,-3,0.234,175.0447837,120.2232941,23.44071295
8,-3,0.235,177.0960727,120.2233613,23.43971525
8,-3,0.236,178.0370554,120.2234056,23.43871625
8,-3,0.237,179.3169384,120.2235047,23.43772451
8,-3,0.238,181.6822748,120.2235061,23.43672475
8,-3,0.239,179.1633839,120.2235278,23.43572525
8,-3,0.24,178.4566784,120.2235481,23.43472546
8,-3,0.241,177.6378245,120.2235803,23.43372599
8,-3,0.242,176.5235894,120.2236308,23.43272729
8,-3,0.243,176.2991082,120.2237076,23.43173036
8,-3,0.244,174.2737766,120.2237995,23.43073465
8,-3,0.245,171.9498878,120.223922,23.42974222
8,-3,0.246,170.1385651,120.2240755,23.42875413
8,-3,0.247,163.888026,120.2242805,23.42777635
8,-3,0.248,167.0727875,120.2245102,23.42680343
8,-3,0.249,165.850371,120.2247184,23.42582598
8,-3,0.25,164.5043212,120.224974,23.42485921
8,-3,0.251,163.6625203,120.2252453,23.42389672
8,-3,0.252,163.0651952,120.2255291,23.42293785
8,-3,0.253,162.2650868,120.2258255,23.42198281
8,-3,0.254,161.5085982,120.2261587,23.42104029
8,-3,0.255,159.9157677,120.2264892,23.42009655
8,-3,0.256,161.845635,120.2268483,23.41916411
8,-3,0.257,155.5164175,120.2272513,23.41824997
8,-3,0.258,148.7973817,120.2277349,23.41737546
8,-3,0.259,145.2896596,120.2282848,23.41654061
8,-3,0.26,143.8528699,120.2288693,23.41572931
8,-3,0.261,143.7983711,120.2294577,23.41492088
8,-3,0.262,143.3510392,120.2300519,23.41411659
8,-3,0.263,144.6072101,120.2306377,23.41330616
8,-3,0.264,146.6641803,120.2311966,23.41247702
8,-3,0.265,148.4767439,120.2317359,23.41163496
8,-3,0.266,150.6245969,120.2322457,23.41077477
8,-3,0.267,153.1325554,120.2327211,23.40989512
8,-3,0.268,155.9884798,120.233156,23.40899476
8,-3,0.269,159.3010324,120.2335431,23.40807295
8,-3,0.27,162.6331928,120.2338749,23.40712979
8,-3,0.271,166.5206169,120.2341435,23.40616687
8,-3,0.272,167.6264859,120.2343566,23.40518991
8,-3,0.273,174.6355491,120.2344834,23.40419878
8,-3,0.274,181.7282377,120.2345185,23.40319963
8,-3,0.275,181.9328218,120.2344824,23.4022003
8,-3,0.276,187.6591649,120.2343931,23.40120506
8,-3,0.277,190.8655369,120.2342299,23.40021869
8,-3,0.278,193.259413,120.2340174,23.39924164
8,-3,0.279,197.1396278,120.2337556,23.39827662
8,-3,0.28,198.7329698,120.2334613,23.39732101
8,-3,0.281,199.7876042,120.2331338,23.39637617
8,-3,0.282,201.3421312,120.2327856,23.3954388
8,-3,0.283,198.6681061,120.2324498,23.39449693
8,-3,0.284,190.64485,120.2321858,23.39353376
8,-3,0.285,181.0209253,120.2320951,23.39253977
8,-3,0.286,177.6944215,120.2321192,23.39154024
8,-3,0.287,178.8401711,120.2321491,23.3905408
8,-3,0.288,179.3421072,120.2321681,23.38954098
8,-3,0.289,180.7961243,120.2321678,23.38854103
8,-3,0.29,182.4531509,120.2321381,23.38754152
8,-3,0.291,183.9019898,120.2320774,23.3865434
8,-3,0.292,186.5180212,120.2319854,23.38554769
8,-3,0.293,180.3864006,120.2318813,23.38455414
8,-3,0.294,189.9019331,120.2317641,23.38356349
8,-3,0.295,191.6668758,120.2315909,23.38257887
8,-3,0.296,193.907626,120.2313658,23.38160462
8,-3,0.297,197.2191179,120.2311013,23.38064026
8,-3,0.298,199.4532081,120.2307872,23.37969103
8,-3,0.299,201.7011674,120.2304408,23.37875301
8,-3,0.3,204.1968788,120.2300556,23.37783029
8,-3,0.301,206.6223713,120.2296315,23.37692477
8,-3,0.302,206.3936144,120.2291763,23.37603444
8,-3,0.303,211.6494002,120.2286978,23.37515693
8,-3,0.304,212.8322687,120.2281636,23.37431166
8,-3,0.305,213.9716488,120.227613,23.37347691
8,-3,0.306,215.7512063,120.2270365,23.37265989
8,-3,0.307,215.8040206,120.2264431,23.37185548
8,-3,0.308,218.8018684,120.2258478,23.37105237
8,-3,0.309,219.3657831,120.225217,23.37027647
8,-3,0.31,219.8200864,120.2245743,23.36951034
8,-3,0.311,221.0289883,120.2239273,23.36874788
8,-3,0.312,221.2226666,120.2232694,23.3679948
8,-3,0.313,221.3799119,120.2226061,23.36724644
8,-3,0.314,221.2721444,120.2219452,23.36649593
8,-3,0.315,221.0448355,120.2212874,23.36574279
8,-3,0.316,220.165132,120.2206363,23.36498379
8,-3,0.317,219.3217286,120.219996,23.36421567
8,-3,0.318,218.1685691,120.2193685,23.3634371
8,-3,0.319,216.4683427,120.2187602,23.36264341
8,-3,0.32,215.2064138,120.2181754,23.36183226
8,-3,0.321,211.4011184,120.2176273,23.36099615
8,-3,0.322,207.4020249,120.2171276,23.36013029
8,-3,0.323,202.0270687,120.2166992,23.35922724
8,-3,0.324,195.1698609,120.2163709,23.35828363
8,-3,0.325,186.8531058,120.2161787,23.35730361
8,-3,0.326,178.3022792,120.216145,23.35630564
8,-3,0.327,170.3806825,120.2162674,23.35531418
8,-3,0.328,161.3573187,120.2165212,23.35434741
8,-3,0.329,157.2733369,120.2168649,23.35340864
8,-3,0.33,154.9549367,120.2172633,23.35249153
8,-3,0.331,155.3204051,120.2176881,23.35158628
8,-3,0.332,153.8191941,120.218119,23.35068398
8,-3,0.333,154.4105938,120.2185573,23.34978514
8,-3,0.334,155.3639638,120.2189865,23.34888197
8,-3,0.335,156.5990681,120.2193982,23.3479707
8,-3,0.336,157.5031305,120.219789,23.34705024
8,-3,0.337,159.6168899,120.2201518,23.34611844
8,-3,0.338,161.6466513,120.220485,23.34517568
8,-3,0.339,163.6677247,120.220783,23.34422119
8,-3,0.34,165.913634,120.2210422,23.34325547
8,-3,0.341,168.0368301,120.2212624,23.34228011
8,-3,0.342,170.7533034,120.2214484,23.34129761
8,-3,0.343,172.478776,120.2215994,23.34030913
8,-3,0.344,173.6602357,120.2217207,23.33931655
8,-3,0.345,174.9180731,120.2218197,23.33832148
8,-3,0.346,176.1703994,120.2218946,23.33732432
8,-3,0.347,178.335673,120.2219432,23.33632554
8,-3,0.348,179.7480234,120.2219639,23.33532579
8,-3,0.349,181.5593473,120.2219547,23.3343259
8,-3,0.35,183.9477355,120.2219074,23.33332714
8,-3,0.351,185.1570704,120.2218278,23.33233036
8,-3,0.352,187.8597412,120.2217143,23.33133688
8,-3,0.353,189.5568147,120.2215703,23.33034734
8,-3,0.354,191.5606543,120.2213882,23.32936414
8,-3,0.355,193.2163662,120.2211725,23.32838774
8,-3,0.356,195.3105616,120.2209241,23.32741913
8,-3,0.357,196.8511106,120.2206456,23.32645878
8,-3,0.358,198.9233826,120.220339,23.32550695
8,-3,0.359,199.9434886,120.2200089,23.32456303
8,-3,0.36,200.9593498,120.2196579,23.32362666
8,-3,0.361,201.2520016,120.2192975,23.3226939
8,-3,0.362,201.5080315,120.2189195,23.32176819
8,-3,0.363,200.9851837,120.2185557,23.32083672
8,-3,0.364,200.4497707,120.2181998,23.31990223
8,-3,0.365,199.9735119,120.2178555,23.31896338
8,-3,0.366,198.8841544,120.2175246,23.31801973
8,-3,0.367,198.3073593,120.2172065,23.31707167
8,-3,0.368,198.1691235,120.2168933,23.316122
8,-3,0.369,198.0474515,120.2165878,23.31516981
8,-3,0.37,198.0119884,120.2162794,23.31421856
8,-3,0.371,198.5781404,120.215966,23.31326894
8,-3,0.372,199.0836064,120.2156443,23.3123221
8,-3,0.373,199.9316795,120.2153123,23.31137883
8,-3,0.374,200.3179359,120.2149682,23.31043991
8,-3,0.375,201.3947506,120.2146117,23.30950565
8,-3,0.376,202.4408506,120.2142388,23.3085778
8,-3,0.377,201.8258883,120.2138625,23.30765128
8,-3,0.378,200.7192599,120.2134956,23.3067211
8,-3,0.379,193.5545765,120.2131951,23.30576845
8,-3,0.38,184.2680833,120.2130567,23.30477973
8,-3,0.381,178.0258458,120.2130513,23.30378006
8,-3,0.382,177.4127067,120.2130915,23.30278088
8,-3,0.383,177.361596,120.2131381,23.30178197
8,-3,0.384,177.8011248,120.2131802,23.30078286
8,-3,0.385,178.3942574,120.213212,23.29978337
8,-3,0.386,179.6630839,120.2132302,23.29878355
8,-3,0.387,180.3997719,120.2132132,23.29778392
8,-3,0.388,181.1566801,120.2131998,23.29678402
8,-3,0.389,181.9232256,120.2131719,23.29578442
8,-3,0.39,182.6684283,120.2131296,23.29478533
8,-3,0.391,183.1988715,120.2131275,23.29378693
8,-3,0.392,183.8711147,120.2130669,23.29278879
45,-1,0,358.3651146,120.2888606,23.36984996
45,-1,0.001,346.8214428,120.2887235,23.37083775
45,-1,0.002,334.5279368,120.2883823,23.3717745
45,-1,0.003,317.978139,120.2878,23.37258239
45,-1,0.004,302.8686368,120.2870261,23.37320831
45,-1,0.005,298.7967041,120.2861273,23.37364449
45,-1,0.006,338.5448816,120.2853319,23.37421004
45,-1,0.007,37.37117294,120.2854394,23.37512701
45,-1,0.008,52.85608069,120.2861531,23.37581424
45,-1,0.009,65.6813033,120.2870378,23.37627689
45,-1,0.01,70.56944915,120.2879701,23.37663732
45,-1,0.011,72.22248488,120.2889173,23.37695777
45,-1,0.012,71.62848748,120.2898679,23.37726812
45,-1,0.013,70.72191114,120.290815,23.37758925
45,-1,0.014,68.85494553,120.2917543,23.37793199
45,-1,0.015,64.13192719,120.2926797,23.37830982
45,-1,0.016,39.63060716,120.2935439,23.37880064
45,-1,0.017,358.1608735,120.2938952,23.37969245
45,-1,0.018,358.3654147,120.2938472,23.38069112
45,-1,0.019,2.142384825,120.2938522,23.38169081
45,-1,0.02,10.761583,120.2939616,23.38268284
45,-1,0.021,18.32938726,120.2941814,23.383654
45,-1,0.022,14.28700492,120.2943934,23.38463108
45,-1,0.023,17.04770197,120.2947356,23.38556586
45,-1,0.024,16.20401407,120.2950289,23.38652167
45,-1,0.025,18.24401509,120.2953213,23.38747789
45,-1,0.026,21.25373213,120.2956612,23.38841812
45,-1,0.027,25.32141959,120.296051,23.38933862
45,-1,0.028,27.4263333,120.2964968,23.39023366
45,-1,0.029,29.64930175,120.29702,23.39108434
45,-1,0.03,31.56559795,120.2975274,23.39194597
45,-1,0.031,33.35586463,120.2980608,23.39279178
45,-1,0.032,49.83086092,120.2987298,23.39352122
45,-1,0.033,36.43465976,120.2993442,23.39430563
45,-1,0.034,66.82778537,120.2999985,23.39503807
45,-1,0.035,39.64830883,120.3009121,23.39544115
45,-1,0.036,40.24709765,120.3015538,23.39620807
45,-1,0.037,40.87186485,120.3022055,23.39696654
45,-1,0.038,41.62104907,120.3028663,23.39771711
45,-1,0.039,35.76005705,120.3034907,23.39849652
45,-1,0.04,42.52934507,120.3041339,23.39926027
45,-1,0.041,42.07650709,120.3048076,23.39999928
45,-1,0.042,56.83959492,120.305551,23.40065593
45,-1,0.043,41.38521152,120.3062817,23.40132668
45,-1,0.044,41.13281038,120.3069416,23.402078
45,-1,0.045,32.26874307,120.3076522,23.40277266
45,-1,0.046,39.91657444,120.3082089,23.40360119
45,-1,0.047,39.18102047,120.3088461,23.40437186
45,-1,0.048,32.85817155,120.3094546,23.40516398
45,-1,0.049,38.09622239,120.3101186,23.4059044
45,-1,0.05,37.69356004,120.3107329,23.40669344
45,-1,0.051,36.84707314,120.3113371,23.4074903
45,-1,0.052,36.08249113,120.3119315,23.40829446
45,-1,0.053,35.19914128,120.312515,23.40910655
45,-1,0.054,303.5132,120.313058,23.40993682
45,-1,0.055,32.65506371,120.312489,23.41054386
45,-1,0.056,31.70616941,120.3130229,23.41138943
45,-1,0.057,28.85821527,120.3135355,23.41224785
45,-1,0.058,29.78826511,120.3140221,23.41312139
45,-1,0.059,29.25053508,120.3145149,23.41399149
45,-1,0.06,28.13821353,120.3150222,23.41485274
45,-1,0.061,25.83153993,120.3156472,23.41561573
45,-1,0.062,29.08946389,120.3158853,23.41655454
45,-1,0.063,24.77172626,120.3163218,23.41745383
45,-1,0.064,14.93692578,120.3166857,23.41838209
45,-1,0.065,22.73187477,120.3171535,23.41925585
45,-1,0.066,21.63844053,120.3175302,23.42018217
45,-1,0.067,20.56386898,120.3178882,23.42111587
45,-1,0.068,47.79403495,120.3183857,23.42195101
45,-1,0.069,18.01833102,120.3188247,23.42281921
45,-1,0.07,16.90334391,120.3191244,23.42377323
45,-1,0.071,16.27377316,120.3192836,23.42475062
45,-1,0.072,10.33853999,120.3195178,23.42572164
45,-1,0.073,13.91641031,120.3197667,23.42669006
45,-1,0.074,12.92037519,120.320015,23.42765864
45,-1,0.075,17.64349803,120.3202644,23.42862607
45,-1,0.076,15.48504941,120.3205517,23.42958381
45,-1,0.077,8.629938537,120.3205801,23.43056374
45,-1,0.078,9.368326932,120.3207531,23.43154832
45,-1,0.079,5.3646884,120.320909,23.43253436
45,-1,0.08,7.263773161,120.3209536,23.4335313
45,-1,0.081,6.618608863,120.3210755,23.43452384
45,-1,0.082,6.042598851,120.321186,23.4355177
45,-1,0.083,0.53700208,120.3212545,23.43651436
45,-1,0.084,4.225716687,120.3215255,23.43745311
45,-1,0.085,3.808917976,120.3215183,23.43842632
45,-1,0.086,3.839439516,120.3214821,23.43941935
45,-1,0.087,3.370370354,120.3215455,23.44041733
45,-1,0.088,4.175752364,120.3216141,23.44141493
45,-1,0.089,3.615196117,120.3216477,23.44241373
45,-1,0.09,348.9586023,120.3216944,23.44341169
45,-1,0.091,2.481197749,120.3216179,23.44440366
45,-1,0.092,348.8608043,120.3215843,23.44539922
45,-1,0.093,4.836257551,120.3215785,23.4463932
45,-1,0.094,0.711141393,120.3216049,23.44739255
45,-1,0.095,359.3589812,120.321606,23.44839254
45,-1,0.096,358.2937446,120.3215853,23.44939229
45,-1,0.097,352.7488465,120.321526,23.4503898
45,-1,0.098,0.414203963,120.3214988,23.45138809
45,-1,0.099,356.8920215,120.3214511,23.45238675
45,-1,0.1,358.9389105,120.3214218,23.45338627
45,-1,0.101,3.583985269,120.321433,23.45438581
45,-1,0.102,10.70718855,120.321563,23.45537623
45,-1,0.103,19.66993078,120.3218354,23.45633678
45,-1,0.104,30.85742953,120.3222787,23.45723047
45,-1,0.105,41.49611627,120.3228727,23.45803235
45,-1,0.106,44.34861607,120.3235601,23.45875811
45,-1,0.107,45.82270015,120.3242695,23.45946273
45,-1,0.108,53.7506271,120.3250477,23.46008863
45,-1,0.109,35.7345374,120.3257143,23.46082717
45,-1,0.11,43.68722873,120.326386,23.46156456
45,-1,0.111,54.4187709,120.32714,23.4622148
45,-1,0.112,38.71998206,120.3278591,23.4629041
45,-1,0.113,45.95292039,120.3285262,23.46364696
45,-1,0.114,41.11999177,120.3291938,23.46439075
45,-1,0.115,51.88881945,120.3298752,23.46512148
45,-1,0.116,42.27880259,120.330626,23.46577725
45,-1,0.117,44.40195124,120.3313648,23.46644853
45,-1,0.118,45.44208416,120.3320693,23.46715822
45,-1,0.119,44.82458286,120.3327831,23.46785849
45,-1,0.12,44.89031461,120.3334884,23.46856742
45,-1,0.121,42.60729232,120.3341962,23.46927342
45,-1,0.122,44.6257286,120.3348709,23.47001051
45,-1,0.123,44.4282384,120.3355721,23.47072349
45,-1,0.124,46.73135322,120.3362704,23.47143925
45,-1,0.125,43.81602635,120.336986,23.47213744
45,-1,0.126,45.18059874,120.337679,23.4728582
45,-1,0.127,43.27277665,120.3383767,23.47357447
45,-1,0.128,42.11778278,120.3391044,23.47425837
45,-1,0.129,37.83129699,120.3397515,23.47501996
45,-1,0.13,32.641836,120.3403464,23.47582169
45,-1,0.131,23.83096377,120.3408442,23.47668549
45,-1,0.132,37.9990029,120.3414089,23.47750405
45,-1,0.133,36.56671466,120.3420244,23.47829212
45,-1,0.134,40.66269923,120.3426375,23.47908135
45,-1,0.135,34.51938634,120.3432392,23.47987867
45,-1,0.136,33.17715301,120.3437957,23.48070951
45,-1,0.137,17.51716883,120.3442114,23.48161353
45,-1,0.138,30.25922276,120.3446702,23.48249638
45,-1,0.139,28.79270214,120.3451647,23.48336549
45,-1,0.14,27.32025405,120.3457008,23.48420725
45,-1,0.141,25.75463015,120.346151,23.48510016
45,-1,0.142,24.21384005,120.3465775,23.48600463
45,-1,0.143,20.86206547,120.3469766,23.48692136
45,-1,0.144,15.2333317,120.347317,23.4878611
45,-1,0.145,21.04961829,120.3475659,23.48882736
45,-1,0.146,18.50851691,120.3479053,23.48976782
45,-1,0.147,34.28069093,120.3482944,23.49068542
45,-1,0.148,14.91968322,120.3486377,23.49161353
45,-1,0.149,13.48813858,120.3488816,23.49258328
45,-1,0.15,16.05920741,120.3489228,23.4935524
45,-1,0.151,10.3150828,120.3491261,23.4945313
45,-1,0.152,8.555648635,120.3492801,23.49551904
45,-1,0.153,11.49244879,120.3494563,23.49650318
45,-1,0.154,4.982794258,120.3495877,23.49749352
45,-1,0.155,4.789545316,120.3496294,23.49849153
45,-1,0.156,2.606277808,120.3496955,23.49948931
45,-1,0.157,1.122480584,120.3497325,23.50048859
45,-1,0.158,359.5958249,120.3497407,23.50148851
45,-1,0.159,352.1396316,120.3496893,23.50248563
45,-1,0.16,356.0859048,120.3497022,23.50347913
45,-1,0.161,353.7851756,120.3496134,23.50447515
45,-1,0.162,351.9364747,120.3494944,23.50546797
45,-1,0.163,349.9946125,120.3493392,23.50645579
45,-1,0.164,350.4987047,120.3491584,23.50743922
45,-1,0.165,345.8816167,120.3489368,23.50841395
45,-1,0.166,340.3760118,120.3486439,23.50936928
45,-1,0.167,340.384629,120.3483378,23.51032118
45,-1,0.168,338.3941294,120.3479936,23.51126005
45,-1,0.169,336.6533568,120.3476132,23.5121848
45,-1,0.17,341.3358121,120.3472142,23.51310131
45,-1,0.171,333.1014098,120.346811,23.51401362
45,-1,0.172,333.8882243,120.346362,23.51490713
45,-1,0.173,338.1352339,120.3459489,23.51581745
45,-1,0.174,347.6657103,120.3456369,23.51676582
45,-1,0.175,358.4767915,120.3455112,23.51775545
45,-1,0.176,5.234548594,120.3455538,23.51875363
45,-1,0.177,9.154180227,120.3456893,23.51974416
45,-1,0.178,12.85186155,120.3458821,23.52072531
45,-1,0.179,15.00093273,120.3461173,23.52169718
45,-1,0.18,18.10997887,120.3464056,23.52265454
45,-1,0.181,21.44837439,120.3467416,23.52359617
45,-1,0.182,26.195375,120.3471378,23.52451402
45,-1,0.183,31.29494683,120.3476049,23.52539791
45,-1,0.184,36.57882181,120.3481515,23.52623475
45,-1,0.185,41.18735338,120.3487761,23.52701495
45,-1,0.186,46.86571748,120.3494831,23.52772157
45,-1,0.187,52.77520778,120.3502585,23.52835235
45,-1,0.188,56.08639972,120.3510795,23.52892306
45,-1,0.189,55.14274828,120.3519019,23.5294918
45,-1,0.19,41.80451366,120.3526424,23.53015999
45,-1,0.191,18.29825958,120.3531167,23.53102689
45,-1,0.192,343.4631312,120.3530103,23.53200347
45,-1,0.193,321.607076,120.3524471,23.53282596
45,-1,0.194,308.9643978,120.3517064,23.53349616
45,-1,0.195,304.710354,120.3509097,23.53409998
45,-1,0.196,305.0714709,120.350094,23.5346783
45,-1,0.197,306.8186828,120.3492857,23.53526704
45,-1,0.198,308.1198153,120.3484917,23.5358748
45,-1,0.199,311.7439659,120.3477188,23.53650919
45,-1,0.2,313.4503041,120.3469794,23.5371822
45,-1,0.201,318.8825304,120.3462767,23.53789325
45,-1,0.202,322.3676708,120.3456402,23.53866391
45,-1,0.203,332.2969755,120.345113,23.53951162
45,-1,0.204,345.8691888,120.3447707,23.5404474
45,-1,0.205,0.259307212,120.3446938,23.54144108
45,-1,0.206,15.42146646,120.3448543,23.5424265
45,-1,0.207,20.04736581,120.3451517,23.54338076
45,-1,0.208,23.46854156,120.3455164,23.54431166
45,-1,0.209,23.9053673,120.3459054,23.54523277
45,-1,0.21,24.04874091,120.3463087,23.54614785
45,-1,0.211,23.99780469,120.3467155,23.54706133
45,-1,0.212,23.79323794,120.347121,23.5479754
45,-1,0.213,23.53802501,120.3475239,23.54889065
45,-1,0.214,23.84593329,120.3479249,23.54980672
45,-1,0.215,24.06721104,120.3483267,23.55072243
45,-1,0.216,24.96388187,120.348742,23.55163213
45,-1,0.217,25.24889856,120.3491666,23.55253746
45,-1,0.218,25.24917784,120.3495932,23.5534419
45,-1,0.219,25.03198071,120.3500191,23.55434667
45,-1,0.22,26.10563547,120.3504499,23.5552491
45,-1,0.221,26.09152494,120.3508886,23.55614772
45,-1,0.222,26.97735739,120.3513358,23.55704213
45,-1,0.223,27.7894968,120.3517955,23.5579302
45,-1,0.224,28.71213271,120.3522674,23.55881181
45,-1,0.225,29.98554888,120.3527578,23.55968332
45,-1,0.226,31.51212009,120.3532698,23.56054225
45,-1,0.227,32.93613836,120.3537762,23.5614043
45,-1,0.228,33.96559728,120.3543251,23.56224015
45,-1,0.229,35.52141602,120.3548963,23.56306095
45,-1,0.23,37.07339212,120.3554892,23.56386613
45,-1,0.231,38.53592728,120.3561029,23.5646556
45,-1,0.232,40.43946367,120.3567383,23.56542775
45,-1,0.233,41.81322959,120.3573957,23.56618122
45,-1,0.234,43.12106629,120.3580721,23.56691768
45,-1,0.235,45.14779895,120.3587695,23.56763435
45,-1,0.236,54.83024058,120.3595327,23.56827543
45,-1,0.237,48.79912962,120.3602932,23.56892405
45,-1,0.238,49.88226376,120.3610531,23.56957402
45,-1,0.239,51.93774489,120.3618329,23.57019993
45,-1,0.24,57.95740752,120.362634,23.57079774
45,-1,0.241,55.04264736,120.3634669,23.57135056
45,-1,0.242,57.1067927,120.3643001,23.57190348
45,-1,0.243,59.23209146,120.3651496,23.57243091
45,-1,0.244,61.29991102,120.366001,23.57295514
45,-1,0.245,62.27126881,120.366882,23.57342818
45,-1,0.246,64.39015677,120.3677785,23.57387112
45,-1,0.247,66.50551544,120.3686893,23.57428368
45,-1,0.248,68.6256173,120.369614,23.57466424
45,-1,0.249,70.75886699,120.3705517,23.5750114
45,-1,0.25,73.04885786,120.3715013,23.57532447
45,-1,0.251,75.20480327,120.372462,23.57560176
45,-1,0.252,77.49876648,120.3734328,23.57584159
45,-1,0.253,79.69077061,120.374412,23.57604396
45,-1,0.254,152.2451145,120.3986944,23.56289205
45,-1,0.255,153.4140532,120.3991462,23.56199996
45,-1,0.256,182.7714934,120.3995623,23.56117278
45,-1,0.257,150.1802261,120.3999819,23.56027771
45,-1,0.258,153.7618561,120.400426,23.55938201
45,-1,0.259,152.3283829,120.4008666,23.55848461
45,-1,0.26,153.5356517,120.4013131,23.55758985
45,-1,0.261,151.1916739,120.4017793,23.55670531
45,-1,0.262,150.082034,120.4022683,23.55583302
45,-1,0.263,147.8938868,120.4027838,23.55497623
45,-1,0.264,145.312121,120.4033327,23.55414049
45,-1,0.265,142.817776,120.4039165,23.55332869
45,-1,0.266,140.6293795,120.4045358,23.55254377
45,-1,0.267,137.4843089,120.4051987,23.55179524
45,-1,0.268,133.5573654,120.4059005,23.55108299
45,-1,0.269,133.1702321,120.4066284,23.55039743
45,-1,0.27,126.1668404,120.4073995,23.54976167
45,-1,0.271,124.9534196,120.4082054,23.54916969
45,-1,0.272,123.520339,120.4090314,23.54860603
45,-1,0.273,120.9277605,120.4098788,23.54807535
45,-1,0.274,118.7397895,120.4107322,23.54755445
45,-1,0.275,117.7308325,120.4116135,23.54708186
45,-1,0.276,116.0470347,120.4125082,23.54663534
45,-1,0.277,114.6305176,120.4134242,23.54623481
45,-1,0.278,113.4840318,120.414338,23.54582856
45,-1,0.279,112.5634642,120.4152584,23.54543769
45,-1,0.28,111.8158315,120.416184,23.54505932
45,-1,0.281,111.3460164,120.4171045,23.54466897
45,-1,0.282,110.9677953,120.4180462,23.54433377
45,-1,0.283,110.7565379,120.4189802,23.54397663
45,-1,0.284,110.6956411,120.4199157,23.54362325
45,-1,0.285,110.5083231,120.4208521,23.54327236
45,-1,0.286,110.3330353,120.4217893,23.54292342
45,-1,0.287,111.1110639,120.4227251,23.54257117
45,-1,0.288,110.0997465,120.4236631,23.54222454
45,-1,0.289,109.2340203,120.4246069,23.54189403
45,-1,0.29,109.0933818,120.4255481,23.5415563
45,-1,0.291,114.9839824,120.4264875,23.54121561
45,-1,0.292,104.7667063,120.4274107,23.54083588
45,-1,0.293,104.7966649,120.4283776,23.54058068
45,-1,0.294,106.0993775,120.4293415,23.54031468
45,-1,0.295,105.3446511,120.4303034,23.54004142
45,-1,0.296,104.1654152,120.4312699,23.53978476
45,-1,0.297,103.3158659,120.4322406,23.53954454
45,-1,0.298,101.9570175,120.4332159,23.53932377
45,-1,0.299,100.4534484,120.4341884,23.53909242
45,-1,0.3,99.33788489,120.4351729,23.53891693
45,-1,0.301,98.22516274,120.4361605,23.53875973
45,-1,0.302,97.06459551,120.437151,23.53862226
45,-1,0.303,95.99174285,120.438144,23.53850465
45,-1,0.304,94.94609882,120.4391392,23.5384068
45,-1,0.305,93.94942601,120.4401359,23.53832606
45,-1,0.306,93.02435127,120.441134,23.53826531
45,-1,0.307,92.0156256,120.4421329,23.53821866
45,-1,0.308,90.95707049,120.4431325,23.53819035
45,-1,0.309,89.65798888,120.4441324,23.53818231
45,-1,0.31,87.81004721,120.4451322,23.53820085
45,-1,0.311,84.77922009,120.4461303,23.53826042
45,-1,0.312,79.62283262,120.4471215,23.53838857
45,-1,0.313,72.98174164,120.4480937,23.53861913
45,-1,0.314,66.69149841,120.4490326,23.53896139
45,-1,0.315,62.77356474,120.4499381,23.53938508
45,-1,0.316,61.23764019,120.4508207,23.53985498
45,-1,0.317,59.74027748,120.4516899,23.54034928
45,-1,0.318,59.84139313,120.4525532,23.54085399
45,-1,0.319,59.93384978,120.4534152,23.54136077
45,-1,0.32,60.45909001,120.4542788,23.54186499
45,-1,0.321,60.13432854,120.4551244,23.54239842
45,-1,0.322,61.08208736,120.4560003,23.54288081
45,-1,0.323,61.55698415,120.456881,23.54335436
45,-1,0.324,62.34269603,120.4577632,23.54382526
45,-1,0.325,63.21567845,120.458648,23.54429119
45,-1,0.326,63.14397909,120.4595412,23.54474085
45,-1,0.327,63.80181796,120.4604383,23.54518272
45,-1,0.328,64.40559273,120.4613394,23.54561633
45,-1,0.329,64.9093714,120.462244,23.54604239
45,-1,0.33,65.35213841,120.4631519,23.54646158
45,-1,0.331,66.31472063,120.4640627,23.54687445
45,-1,0.332,66.11980903,120.4649757,23.54728235
45,-1,0.333,66.41894851,120.4658911,23.54768493
45,-1,0.334,66.69049908,120.4668086,23.54808272
45,-1,0.335,65.02246757,120.4677201,23.54849372
45,-1,0.336,71.40788696,120.4686478,23.54886326
45,-1,0.337,353.1307986,120.2788635,23.34778268
45,-1,0.338,354.7387205,120.2787998,23.34877984
45,-1,0.339,356.1527842,120.2788001,23.34977533
45,-1,0.34,357.510787,120.278741,23.35077355
45,-1,0.341,359.9566006,120.279051,23.35166951
45,-1,0.342,3.60565231,120.2790778,23.35266888
45,-1,0.343,7.344576174,120.2792688,23.35364533
45,-1,0.344,17.6217324,120.2794761,23.35462102
45,-1,0.345,36.26654704,120.2798415,23.35552286
45,-1,0.346,29.90198356,120.2803305,23.35639378
45,-1,0.347,41.46722482,120.2808926,23.35721505
45,-1,0.348,58.29511993,120.2816772,23.35782887
45,-1,0.349,308.5903584,120.2820739,23.35847134
45,-1,0.35,49.44926945,120.2822623,23.35919074
45,-1,0.351,48.81719079,120.2830218,23.35984116
38,-2,0,355.8098371,120.2342458,23.31986371
38,-2,0.001,355.9496454,120.2341739,23.32086112
38,-2,0.002,355.8901392,120.2341031,23.32185861
38,-2,0.003,354.8011962,120.2339914,23.32285195
38,-2,0.004,354.0209484,120.2339174,23.32384911
38,-2,0.005,353.9093313,120.2338164,23.32484399
38,-2,0.006,352.5755774,120.2337031,23.32583751
38,-2,0.007,351.2594852,120.2335633,23.32682765
38,-2,0.008,349.5950234,120.2333867,23.32781188
38,-2,0.009,346.6247952,120.2331783,23.32878987
38,-2,0.01,345.246564,120.2329451,23.32976221
38,-2,0.011,343.0468614,120.2326727,23.33072429
38,-2,0.012,341.5241541,120.2323747,23.33167876
38,-2,0.013,341.0448382,120.2320467,23.33262342
38,-2,0.014,342.7515506,120.2317476,23.33357754
38,-2,0.015,341.0994817,120.2314356,23.33452756
38,-2,0.016,339.1796211,120.2310843,23.33546371
38,-2,0.017,336.321203,120.2306966,23.33638537
38,-2,0.018,334.342686,120.230276,23.33729252
38,-2,0.019,332.2895009,120.2298205,23.33818269
38,-2,0.02,330.1159704,120.2293319,23.3390551
38,-2,0.021,327.7367165,120.2288114,23.33990879
38,-2,0.022,325.1698905,120.2282615,23.3407438
38,-2,0.023,328.5198949,120.2276907,23.34156443
38,-2,0.024,357.1721597,120.2272807,23.3424572
38,-2,0.025,14.74203742,120.2274497,23.34343438
38,-2,0.026,15.26399285,120.2276939,23.34440408
38,-2,0.027,13.116752,120.2279328,23.34537505
38,-2,0.028,11.64306108,120.2281451,23.34635224
38,-2,0.029,12.18108641,120.2283565,23.34732963
38,-2,0.03,12.82372245,120.2285711,23.34830632
38,-2,0.031,14.88339132,120.2288098,23.34927732
38,-2,0.032,17.33182768,120.2290851,23.35023855
38,-2,0.033,20.17664447,120.2294113,23.35118371
38,-2,0.034,24.31391258,120.229797,23.35210597
38,-2,0.035,29.25337077,120.2302534,23.35299527
38,-2,0.036,34.11572829,120.2307927,23.35383697
38,-2,0.037,38.8686299,120.2313888,23.35463935
38,-2,0.038,44.62115862,120.2320459,23.35539272
38,-2,0.039,47.1152948,120.232759,23.35609357
38,-2,0.04,51.65216729,120.2335144,23.35674837
38,-2,0.041,53.87078354,120.234308,23.35735658
38,-2,0.042,57.37849191,120.2351408,23.35790968
38,-2,0.043,60.41177304,120.235993,23.35843268
38,-2,0.044,61.48192933,120.2368666,23.35891913
38,-2,0.045,63.85872151,120.2377586,23.35937099
38,-2,0.046,65.84621408,120.2386651,23.35979304
38,-2,0.047,67.39295071,120.239583,23.36018972
38,-2,0.048,69.08328863,120.2405116,23.36056076
38,-2,0.049,70.05406132,120.2414499,23.36090636
38,-2,0.05,71.33648282,120.2423928,23.36123937
38,-2,0.051,71.7237093,120.2433397,23.36156083
38,-2,0.052,70.10217357,120.2442857,23.36188471
38,-2,0.053,71.13352856,120.2452286,23.36221766
38,-2,0.054,70.41495182,120.2461755,23.36253903
38,-2,0.055,68.17363963,120.24711,23.36289451
38,-2,0.056,64.03381735,120.2480371,23.36326583
38,-2,0.057,57.53867835,120.2489071,23.36375728
38,-2,0.058,43.89330942,120.2496841,23.36438209
38,-2,0.059,34.12426749,120.2503067,23.36516214
38,-2,0.06,30.39416289,120.2508364,23.36600988
38,-2,0.061,28.73059444,120.2513254,23.36688201
38,-2,0.062,28.27470731,120.2517988,23.36776282
38,-2,0.063,27.40691975,120.2522858,23.36863608
38,-2,0.064,28.06167203,120.2527486,23.36952254
38,-2,0.065,28.80976747,120.2532226,23.37040305
38,-2,0.066,28.08904151,120.2536988,23.37128236
38,-2,0.067,24.19147859,120.2541411,23.3721785
38,-2,0.068,27.91511602,120.2546098,23.37306186
38,-2,0.069,26.4640197,120.2550632,23.37395311
38,-2,0.07,24.9461604,120.2554896,23.37485764
38,-2,0.071,23.11571079,120.2558939,23.37577223
38,-2,0.072,21.12010241,120.2562644,23.37670101
38,-2,0.073,17.51797848,120.2565957,23.37764443
38,-2,0.074,15.16787518,120.2568993,23.37859713
38,-2,0.075,12.64654915,120.2571448,23.37956641
38,-2,0.076,10.35055401,120.2573664,23.38054125
38,-2,0.077,8.29002617,120.2575272,23.38152815
38,-2,0.078,6.590747036,120.257653,23.38252015
38,-2,0.079,4.93428815,120.257766,23.38351357
38,-2,0.08,4.604068664,120.2578402,23.38451074
38,-2,0.081,4.878444697,120.257918,23.3855077
38,-2,0.082,8.688923042,120.2580405,23.38649986
38,-2,0.083,5.841760364,120.2581485,23.38749384
38,-2,0.084,11.00289925,120.2583047,23.38848141
38,-2,0.085,13.14304586,120.2585046,23.38946116
38,-2,0.086,20.84845441,120.258771,23.39042396
38,-2,0.087,19.62976487,120.2591024,23.39136722
38,-2,0.088,21.85189034,120.2594555,23.39230272
38,-2,0.089,22.47336807,120.2598381,23.3932266
38,-2,0.09,26.15517643,120.2602522,23.39413655
38,-2,0.091,26.02111963,120.2606889,23.39503614
38,-2,0.092,26.72811435,120.2611336,23.39593178
38,-2,0.093,25.92773994,120.2615686,23.39683221
38,-2,0.094,27.19945182,120.2620223,23.39772337
38,-2,0.095,27.2825213,120.2624757,23.39861465
38,-2,0.096,27.37621756,120.2629351,23.39950287
38,-2,0.097,28.8129264,120.2634098,23.40038295
38,-2,0.098,27.77771676,120.2638803,23.40126529
38,-2,0.099,28.51093065,120.2643499,23.4021482
38,-2,0.1,27.57816578,120.2648163,23.40303271
38,-2,0.101,29.55150283,120.2652938,23.40391123
38,-2,0.102,32.05595352,120.2657625,23.40479402
38,-2,0.103,41.1401338,120.2663634,23.40558971
38,-2,0.104,26.31957876,120.2668392,23.40646613
38,-2,0.105,34.85416929,120.2673899,23.40729973
38,-2,0.106,37.36656641,120.2679794,23.40810741
38,-2,0.107,39.72259059,120.2685979,23.40889307
38,-2,0.108,37.78925704,120.2692241,23.40967252
38,-2,0.109,43.03376817,120.2698058,23.41047686
38,-2,0.11,45.63181951,120.270519,23.41117758
38,-2,0.111,46.33250132,120.2712376,23.41187293
38,-2,0.112,48.85171417,120.271978,23.41254502
38,-2,0.113,49.75988354,120.2727358,23.41319749
38,-2,0.114,50.04466072,120.2735058,23.41383555
38,-2,0.115,51.86078113,120.2743469,23.41436342
38,-2,0.116,41.13990649,120.2750665,23.41505111
38,-2,0.117,52.07186183,120.2758233,23.41569961
38,-2,0.118,51.11453634,120.2766045,23.41632379
38,-2,0.119,52.81657538,120.2774003,23.41692925
38,-2,0.12,45.52841752,120.2781826,23.41755143
38,-2,0.121,46.44579104,120.2788853,23.41826113
38,-2,0.122,53.46952869,120.2794708,23.41903065
38,-2,0.123,61.27128302,120.2803309,23.41953574
38,-2,0.124,51.59935231,120.2811528,23.42010012
38,-2,0.125,57.64445798,120.2819669,23.42067863
38,-2,0.126,50.13714364,120.2827448,23.42130604
38,-2,0.127,50.66959308,120.2834659,23.42199691
38,-2,0.128,48.53661341,120.2842816,23.42256729
38,-2,0.129,94.86417554,120.2850802,23.42311806
38,-2,0.13,45.13205576,120.2858971,23.42352701
38,-2,0.131,43.57532433,120.2866875,23.42412316
38,-2,0.132,42.65349454,120.2873699,23.42485417
38,-2,0.133,37.06385538,120.2880241,23.42560957
38,-2,0.134,40.13935112,120.288642,23.4263953
38,-2,0.135,38.93525928,120.2892773,23.42716751
38,-2,0.136,37.27147424,120.2898954,23.42795361
38,-2,0.137,36.41093501,120.2904961,23.42875307
38,-2,0.138,35.12484884,120.2910783,23.42956609
38,-2,0.139,34.47079147,120.2917161,23.4303332
38,-2,0.14,36.54854221,120.2922699,23.43116552
38,-2,0.141,17.74351591,120.2927919,23.43201158
38,-2,0.142,17.10210473,120.2930931,23.43296515
38,-2,0.143,27.89078927,120.293485,23.43387989
38,-2,0.144,26.65875531,120.2939459,23.43476733
38,-2,0.145,25.4740212,120.2943881,23.43566421
38,-2,0.146,8.438913036,120.2947633,23.43658656
38,-2,0.147,23.37040118,120.2950757,23.43752773
38,-2,0.148,27.85816251,120.2957397,23.43822798
38,-2,0.149,23.14187283,120.29612,23.43915221
38,-2,0.15,21.33180123,120.2964903,23.44008104
38,-2,0.151,19.93244802,120.2968428,23.44101681
38,-2,0.152,19.14362515,120.2971654,23.44196317
38,-2,0.153,18.29220639,120.2974888,23.44290943
38,-2,0.154,17.64503383,120.2977991,23.44386004
38,-2,0.155,3.011409663,120.2980513,23.44482265
38,-2,0.156,16.92825705,120.2982828,23.44578955
38,-2,0.157,16.51682531,120.2985685,23.44674787
38,-2,0.158,16.0361152,120.2988468,23.44770836
38,-2,0.159,13.0624208,120.2990993,23.44867564
38,-2,0.16,29.44276752,120.2993757,23.44963554
38,-2,0.161,20.17444842,120.2997913,23.45054116
38,-2,0.162,40.11988554,120.3002975,23.45138696
38,-2,0.163,42.06406269,120.3008926,23.45218556
38,-2,0.164,65.47990235,120.3017362,23.45270884
38,-2,0.165,71.56544139,120.3026522,23.45310668
38,-2,0.166,69.76154006,120.3035977,23.4534318
38,-2,0.167,64.91939555,120.3045226,23.45381071
38,-2,0.168,57.06234147,120.3054074,23.4542745
38,-2,0.169,52.63780311,120.3062233,23.45485115
38,-2,0.17,36.9139471,120.3069253,23.45555945
38,-2,0.171,25.88117766,120.3074607,23.45639925
38,-2,0.172,356.5282556,120.3076732,23.45736939
38,-2,0.173,14.55360166,120.307712,23.45836315
38,-2,0.174,353.7596567,120.3078737,23.45932887
38,-2,0.175,330.9277832,120.3075706,23.4602705
38,-2,0.176,311.4945986,120.3069405,23.46103588
38,-2,0.177,288.9095211,120.3060786,23.46152599
38,-2,0.178,268.9729836,120.3051018,23.46170261
38,-2,0.179,250.8888731,120.3041219,23.46153689
38,-2,0.18,234.6500784,120.3032295,23.46109561
38,-2,0.181,222.3813477,120.3024673,23.46045158
38,-2,0.182,214.5216509,120.3018488,23.45966692
38,-2,0.183,206.8243509,120.3013577,23.45879705
38,-2,0.184,202.267721,120.300952,23.45788344
38,-2,0.185,201.140815,120.3005803,23.45695519
38,-2,0.186,203.4639975,120.3002005,23.45603056
38,-2,0.187,218.9429801,120.2996907,23.45517799
38,-2,0.188,251.8193533,120.2989147,23.45456715
38,-2,0.189,275.4321717,120.2979359,23.45440212
38,-2,0.19,285.9384886,120.2969527,23.45457092
38,-2,0.191,298.7147117,120.2960104,23.45490074
38,-2,0.192,300.0081147,120.295132,23.45537771
38,-2,0.193,308.2959111,120.2943125,23.45594747
38,-2,0.194,319.2287581,120.2935785,23.45662476
38,-2,0.195,326.0889653,120.2929573,23.45740721
38,-2,0.196,335.0697619,120.2924487,23.45826658
38,-2,0.197,342.4433896,120.2920756,23.45919331
38,-2,0.198,348.0452987,120.2918159,23.46015837
38,-2,0.199,350.7805602,120.2916343,23.46114158
38,-2,0.2,351.5430215,120.2914855,23.46213044
38,-2,0.201,350.3438579,120.2913345,23.46311894
38,-2,0.202,348.3233975,120.291156,23.46410283
38,-2,0.203,347.8600606,120.2909544,23.46508229
38,-2,0.204,348.0562807,120.2907422,23.46605951
38,-2,0.205,349.6662651,120.2905495,23.46704071
38,-2,0.206,353.2566898,120.2904097,23.46803065
38,-2,0.207,0.205948638,120.2903582,23.46902906
38,-2,0.208,6.416159996,120.290403,23.47002733
38,-2,0.209,12.41581349,120.2905634,23.47101364
38,-2,0.21,19.1080032,120.2908455,23.47197222
38,-2,0.211,26.08242652,120.2912354,23.47289203
38,-2,0.212,31.7972787,120.2917251,23.47376328
38,-2,0.213,37.24216019,120.2922919,23.47458634
38,-2,0.214,41.55405902,120.2929289,23.47535661
38,-2,0.215,48.92325453,120.293642,23.47605673
38,-2,0.216,52.11780137,120.2944188,23.47668579
38,-2,0.217,57.32295222,120.2952522,23.47723806
38,-2,0.218,63.67779265,120.2961251,23.47772457
38,-2,0.219,68.27276781,120.2970347,23.47813916
38,-2,0.22,68.41461227,120.2979717,23.47848777
38,-2,0.221,75.12817087,120.2989199,23.47880202
38,-2,0.222,76.92486611,120.2998888,23.47904908
38,-2,0.223,67.32854827,120.3008616,23.47927756
38,-2,0.224,78.14785765,120.3018132,23.47957066
38,-2,0.225,78.05887968,120.3027919,23.47977591
38,-2,0.226,88.52843679,120.3037706,23.4799793
38,-2,0.227,77.14813001,120.304758,23.48010564
38,-2,0.228,67.78334337,120.3057117,23.48039857
38,-2,0.229,72.80775542,120.3066517,23.48073691
38,-2,0.23,77.17931414,120.3076287,23.48094943
38,-2,0.231,72.16492674,120.3085881,23.48122998
38,-2,0.232,68.55005835,120.3095207,23.48159074
38,-2,0.233,69.65579983,120.3104566,23.48194267
38,-2,0.234,68.48055251,120.3113894,23.48230286
38,-2,0.235,67.06445383,120.3123146,23.48268235
38,-2,0.236,68.79984081,120.3132357,23.48307127
38,-2,0.237,64.99672657,120.3141518,23.48346745
38,-2,0.238,71.11687535,120.3150782,23.48384281
38,-2,0.239,63.08721045,120.3159958,23.48423519
38,-2,0.24,59.82892716,120.3168743,23.48471207
38,-2,0.241,61.69915929,120.3177491,23.48519618
38,-2,0.242,60.70815595,120.3186254,23.4856778
38,-2,0.243,59.65401075,120.3194945,23.48617243
38,-2,0.244,57.83827696,120.3203561,23.48668005
38,-2,0.245,63.31259297,120.3212455,23.48713646
38,-2,0.246,57.47405321,120.3221694,23.48742108
38,-2,0.247,56.15673907,120.3230059,23.48796897
38,-2,0.248,52.43228175,120.3237603,23.48862105
38,-2,0.249,54.24968194,120.3245756,23.4892
38,-2,0.25,43.70047981,120.3253666,23.4898071
38,-2,0.251,50.36876076,120.3260857,23.49049851
38,-2,0.252,49.87922612,120.3268543,23.49113823
38,-2,0.253,48.91762504,120.3276128,23.49178978
38,-2,0.254,44.9081784,120.328337,23.49247912
38,-2,0.255,38.90742011,120.3290353,23.49319382
38,-2,0.256,41.7570983,120.3296965,23.49394219
38,-2,0.257,42.88938718,120.3303656,23.49468534
38,-2,0.258,48.51279805,120.3311573,23.49528424
38,-2,0.259,36.99809744,120.331783,23.49606247
38,-2,0.26,34.78057022,120.3323635,23.49687658
38,-2,0.261,32.5914007,120.3329082,23.4977149
38,-2,0.262,29.91099868,120.3334289,23.49856858
38,-2,0.263,27.51115136,120.3339108,23.49944471
38,-2,0.264,23.67897521,120.3343149,23.50035858
38,-2,0.265,22.01795956,120.3347127,23.50127603
38,-2,0.266,19.2820149,120.335073,23.50220876
38,-2,0.267,16.61129901,120.3353718,23.50316268
38,-2,0.268,16.51611641,120.3356447,23.50412463
38,-2,0.269,10.41994689,120.3358615,23.50509988
38,-2,0.27,7.545180024,120.3360273,23.50608571
38,-2,0.271,4.406417179,120.3361235,23.5070809
38,-2,0.272,359.8870842,120.3361568,23.50808027
38,-2,0.273,355.0188273,120.3361339,23.50907956
38,-2,0.274,355.1917163,120.3360599,23.51007674
38,-2,0.275,352.7468047,120.3359507,23.51107064
38,-2,0.276,350.0679929,120.3357919,23.51205785
38,-2,0.277,349.1559718,120.3355898,23.51303716
38,-2,0.278,343.7892658,120.335362,23.51401025
38,-2,0.279,341.3692394,120.3350653,23.5149651
38,-2,0.28,338.8514828,120.3347195,23.51590322
38,-2,0.281,335.4047822,120.3343357,23.51682641
38,-2,0.282,331.4288902,120.3338931,23.51772293
38,-2,0.283,326.9576378,120.3333893,23.51858648
38,-2,0.284,322.2596057,120.3328183,23.51940702
38,-2,0.285,317.3365102,120.3321836,23.52017929
38,-2,0.286,313.9111284,120.3314822,23.52089158
38,-2,0.287,307.5115158,120.3307171,23.52153473
38,-2,0.288,301.0830013,120.329896,23.52210437
38,-2,0.289,297.9718478,120.3290258,23.5225964
38,-2,0.29,291.4871949,120.3281083,23.52299275
38,-2,0.291,285.1360219,120.3271559,23.52329537
38,-2,0.292,279.3398358,120.3261782,23.52350217
38,-2,0.293,272.3919042,120.325183,23.52359079
38,-2,0.294,265.6474755,120.3241843,23.52355844
38,-2,0.295,258.5858129,120.3231972,23.52340314
38,-2,0.296,256.723997,120.3222251,23.52316955
38,-2,0.297,276.3042941,120.3212378,23.52310419
38,-2,0.298,310.4492977,120.3203966,23.52361272
38,-2,0.299,324.0511475,120.3197336,23.52435734
38,-2,0.3,329.1237123,120.3191673,23.52518051
38,-2,0.301,334.4018468,120.3186816,23.52605411
38,-2,0.302,339.4086556,120.3182758,23.52696768
38,-2,0.303,344.1213601,120.317938,23.52790854
38,-2,0.304,348.8988091,120.3176983,23.52887891
38,-2,0.305,354.4795105,120.3176761,23.52986899
38,-2,0.306,343.7412938,120.3175296,23.53085268
38,-2,0.307,2.439678271,120.3175221,23.5318482
38,-2,0.308,9.108008083,120.3176232,23.53284276
38,-2,0.309,10.2260336,120.3177928,23.53382824
38,-2,0.31,15.70021472,120.3180182,23.53480186
38,-2,0.311,18.85916032,120.3183175,23.53575579
38,-2,0.312,21.68124218,120.3186725,23.53669045
38,-2,0.313,25.0857023,120.3190755,23.53760545
38,-2,0.314,27.7070298,120.3195214,23.53850034
38,-2,0.315,30.22982692,120.3200064,23.53937472
38,-2,0.316,33.2558519,120.3205282,23.54022754
38,-2,0.317,33.72048842,120.3210792,23.54106191
38,-2,0.318,40.48033873,120.3216594,23.54187569
38,-2,0.319,36.88584566,120.3222852,23.54265509
38,-2,0.32,39.07497549,120.3229052,23.54343963
38,-2,0.321,40.30144334,120.3235398,23.54421239
38,-2,0.322,40.93144982,120.3241942,23.54496842
38,-2,0.323,42.85643601,120.3248677,23.5457076
38,-2,0.324,43.88044931,120.3255594,23.54642967
38,-2,0.325,44.39732361,120.326256,23.54714716
38,-2,0.326,46.01027777,120.3269584,23.54785876
38,-2,0.327,42.65299727,120.3276582,23.54857257
38,-2,0.328,46.15484808,120.3283715,23.5492732
38,-2,0.329,46.10341893,120.3290933,23.54996529
38,-2,0.33,45.92512281,120.3298129,23.55065968
38,-2,0.331,45.7558226,120.3305332,23.5513533
38,-2,0.332,44.55529939,120.331244,23.5520566
38,-2,0.333,42.55765101,120.331938,23.55277644
38,-2,0.334,42.44611308,120.3326138,23.55351356
38,-2,0.335,40.82621936,120.333276,23.55426279
38,-2,0.336,38.87474278,120.3339193,23.55502833
38,-2,0.337,38.17484794,120.3345421,23.5558107
38,-2,0.338,36.24115958,120.3351434,23.55660968
38,-2,0.339,34.25364998,120.3357211,23.55742581
38,-2,0.34,31.82633878,120.3362683,23.55826267
38,-2,0.341,29.47964095,120.336783,23.55911993
38,-2,0.342,26.89627334,120.3372648,23.55999615
38,-2,0.343,25.49115734,120.3377089,23.56089206
38,-2,0.344,23.88987324,120.3381312,23.5617985
38,-2,0.345,22.43005528,120.3385285,23.56271614
38,-2,0.346,21.36701742,120.3389055,23.56364233
38,-2,0.347,20.43973228,120.3392645,23.56457564
38,-2,0.348,19.64628315,120.3396079,23.56551481
38,-2,0.349,18.85864041,120.3399382,23.56645869
38,-2,0.35,20.78077769,120.3402849,23.56739653
38,-2,0.351,18.25720668,120.3406246,23.56833686
38,-2,0.352,17.79507572,120.3409334,23.56928797
38,-2,0.353,17.49821754,120.3412363,23.570241
38,-2,0.354,17.39272806,120.341534,23.57119566
38,-2,0.355,16.95997494,120.3418285,23.57215133
38,-2,0.356,17.14806126,120.3421224,23.57310714
38,-2,0.357,16.95737891,120.3424166,23.5740629
38,-2,0.358,16.91472938,120.342708,23.5750195
38,-2,0.359,17.00855193,120.3429993,23.57597611
38,-2,0.36,17.08355451,120.3432925,23.57693218
38,-2,0.361,17.27058065,120.3435881,23.57788749
38,-2,0.362,17.73917291,120.3438864,23.57884194
38,-2,0.363,17.70826612,120.3441897,23.57979484
38,-2,0.364,18.14966654,120.3444973,23.58074636
38,-2,0.365,18.2785483,120.3448101,23.58169619
38,-2,0.366,18.72981749,120.3451292,23.58264389
38,-2,0.367,55.54130005,120.3455289,23.58353119
38,-2,0.368,21.39455884,120.3461935,23.58422311
38,-2,0.369,22.2579206,120.3465634,23.58515217
38,-2,0.37,30.60292676,120.3469909,23.58605313
38,-2,0.371,28.90276505,120.3473926,23.58696491
38,-2,0.372,24.3430978,120.3477739,23.58788784
38,-2,0.373,24.64102438,120.3481883,23.58879795
38,-2,0.374,25.3380539,120.348613,23.58970324
38,-2,0.375,26.05986735,120.3490487,23.59060333
38,-2,0.376,12.08815437,120.3493961,23.59153318
38,-2,0.377,27.54143661,120.3499348,23.59236203
1,-1,0,27.03640962,121.8473727,24.59689335
1,-1,0.001,20.52357773,121.8477501,24.59781727
1,-1,0.002,49.85902298,121.8482086,24.59868169
1,-1,0.003,94.4239657,121.8491115,24.59895052
1,-1,0.004,345.8974841,121.8496781,24.59940605
1,-1,0.005,306.3861675,121.8490519,24.60014224
1,-1,0.006,290.0092567,121.8481504,24.60057114
1,-1,0.007,278.8522248,121.8471802,24.60080372
1,-1,0.008,261.3246313,121.8461861,24.60076909
1,-1,0.009,237.1875594,121.8452712,24.60038793
1,-1,0.01,211.5389405,121.8445711,24.59968559
1,-1,0.011,194.6358332,121.8442172,24.5987555
1,-1,0.012,169.8457015,121.8441911,24.59776028
2,-1,0,95.46877936,121.7750683,24.70232807
2,-1,0.001,94.53928838,121.7760647,24.70224349
2,-1,0.002,92.98539865,121.7770629,24.70218313
2,-1,0.003,90.9878465,121.7780625,24.70215597
2,-1,0.004,87.42054975,121.7790623,24.70216861
2,-1,0.005,84.83962148,121.7800607,24.70222504
2,-1,0.006,82.2085534,121.7810554,24.70232705
2,-1,0.007,79.64206201,121.7820444,24.70247447
2,-1,0.008,77.08860119,121.7830258,24.70266583
2,-1,0.009,75.51862514,121.7839981,24.70289959
2,-1,0.01,73.46692521,121.7849597,24.70317381
2,-1,0.011,71.16085537,121.78591,24.7034849
2,-1,0.012,68.80051487,121.7868488,24.70382912
2,-1,0.013,66.61031691,121.7877759,24.70420375
2,-1,0.014,65.70960041,121.7886906,24.70460796
2,-1,0.015,64.17199443,121.7895939,24.70503696
2,-1,0.016,62.88051298,121.7904859,24.70548876
2,-1,0.017,61.60676675,121.7913675,24.70596089
2,-1,0.018,59.4561869,121.7922391,24.706451
2,-1,0.019,58.62165354,121.7930999,24.70695992
2,-1,0.02,57.80339637,121.7939514,24.70748412
2,-1,0.021,56.96049653,121.7947941,24.70802251
2,-1,0.022,56.38537738,121.7956282,24.70857399
2,-1,0.023,54.64552368,121.7964529,24.7091396
2,-1,0.024,53.70833736,121.7972672,24.70971995
2,-1,0.025,53.46202889,121.7980723,24.71031299
2,-1,0.026,50.85501376,121.7988675,24.71091927
2,-1,0.027,50.76568149,121.7996497,24.71154223
2,-1,0.028,50.75444067,121.8004199,24.71217995
2,-1,0.029,47.63198442,121.8011744,24.71283598
2,-1,0.03,47.57343486,121.8019093,24.71351394
2,-1,0.031,43.59833408,121.8026196,24.71421755
2,-1,0.032,41.9888146,121.8032975,24.71495253
2,-1,0.033,37.88382208,121.8039226,24.71573262
2,-1,0.034,31.50173605,121.8044785,24.71656304
2,-1,0.035,24.12168591,121.8049352,24.71745141
2,-1,0.036,15.75461807,121.8052691,24.71839259
2,-1,0.037,9.358375694,121.8054747,24.71937044
2,-1,0.038,1.765325482,121.8055699,24.72036545
2,-1,0.039,358.5794382,121.8055811,24.72136521
2,-1,0.04,356.4531812,121.8055397,24.72236426
2,-1,0.041,355.0138019,121.8054641,24.72336136
2,-1,0.042,354.1835339,121.8053667,24.72435658
2,-1,0.043,352.9069664,121.8052546,24.72535027
2,-1,0.044,351.9725392,121.8051257,24.72634192
2,-1,0.045,350.7302804,121.8049771,24.72733079
2,-1,0.046,349.5869912,121.8048074,24.72831624
2,-1,0.047,347.3958566,121.8046051,24.72929547
2,-1,0.048,345.120237,121.8043582,24.73026444
2,-1,0.049,339.2804385,121.8040562,24.73121751
2,-1,0.05,333.9276865,121.8036858,24.73214609
2,-1,0.051,327.7500668,121.8032332,24.7330376
2,-1,0.052,325.9656381,121.8026866,24.73387485
2,-1,0.053,317.2493084,121.8020454,24.73464101
2,-1,0.054,50.24653027,121.801476,24.73533756
2,-1,0.055,84.77720484,121.8024565,24.73549229
2,-1,0.056,86.38854058,121.8034542,24.73556019
2,-1,0.057,86.74249225,121.8044525,24.73561848
2,-1,0.058,87.05648283,121.8054511,24.7356715
2,-1,0.059,87.90869949,121.8064501,24.73571473
2,-1,0.06,89.00066033,121.8074497,24.73574374
2,-1,0.061,90.48707469,121.8084496,24.73575506
2,-1,0.062,92.96662319,121.8094494,24.73573594
2,-1,0.063,97.18529765,121.8104467,24.73566557
2,-1,0.064,103.6525104,121.8114344,24.73551155
2,-1,0.065,113.017214,121.8123943,24.73523449
2,-1,0.066,115.1609904,121.8133125,24.73483965
2,-1,0.067,114.641625,121.8142178,24.73441543
2,-1,0.068,106.7464999,121.8151554,24.73407121
2,-1,0.069,98.2584839,121.8161326,24.7338654
2,-1,0.07,95.23028304,121.8171268,24.7337593
2,-1,0.071,100.7379898,121.8181169,24.73362374
2,-1,0.072,111.2192266,121.8190724,24.73333622
2,-1,0.073,122.1415452,121.8199619,24.73288407
2,-1,0.074,132.3202294,121.8207745,24.73230314
2,-1,0.075,137.0878867,121.8214933,24.73160898
2,-1,0.076,143.3341335,121.8221247,24.73083479
2,-1,0.077,150.3085223,121.8226595,24.72999076
2,-1,0.078,158.1167766,121.8230836,24.72908606
2,-1,0.079,165.1932355,121.8233965,24.72813738
2,-1,0.08,171.646855,121.8235908,24.72715731
2,-1,0.081,178.3908339,121.8236609,24.72616057
2,-1,0.082,189.153342,121.8235944,24.72516365
2,-1,0.083,197.6839461,121.8233827,24.7241876
2,-1,0.084,207.5978582,121.8230119,24.72326089
2,-1,0.085,218.9239825,121.8224798,24.72241669
2,-1,0.086,224.9220616,121.8218093,24.72167656
2,-1,0.087,233.6015481,121.821044,24.72103426
2,-1,0.088,235.3585124,121.8202271,24.72045786
2,-1,0.089,238.1704329,121.8193845,24.71991982
2,-1,0.09,239.2419659,121.8185387,24.71938658
2,-1,0.091,232.7296215,121.817714,24.71882157
2,-1,0.092,230.8122229,121.8169199,24.71821465
2,-1,0.093,221.9686714,121.8161834,24.71753953
2,-1,0.094,216.2441675,121.8155549,24.71676376
2,-1,0.095,201.6049611,121.8151179,24.71586776
2,-1,0.096,177.3642019,121.814945,24.71488707
2,-1,0.097,163.9733812,121.8150675,24.71389754
2,-1,0.098,154.6335752,121.8154002,24.71295616
2,-1,0.099,147.2942871,121.815874,24.71207663
2,-1,0.1,141.4205488,121.8164371,24.71125076
2,-1,0.101,140.0993658,121.8170639,24.71047183
2,-1,0.102,138.8055125,121.8177222,24.7097193
2,-1,0.103,137.9574355,121.8183871,24.70897264
2,-1,0.104,140.5626825,121.8190353,24.70821142
2,-1,0.105,149.5110225,121.8196165,24.70739861
2,-1,0.106,165.1456999,121.8200156,24.70648701
2,-1,0.107,189.5857435,121.8200334,24.7054992
2,-1,0.108,209.4626037,121.8196424,24.70458529
2,-1,0.109,94.94207371,121.8202838,24.70399377
2,-1,0.11,72.32177854,121.8212667,24.7041074
2,-1,0.111,73.32126608,121.8222198,24.70441002
2,-1,0.112,75.53806543,121.8231752,24.7047042
2,-1,0.113,77.93046862,121.8241484,24.70493355
2,-1,0.114,80.56097016,121.8251297,24.70512527
2,-1,0.115,82.03131683,121.8261177,24.70527961
2,-1,0.116,82.5550248,121.8271084,24.70541569
2,-1,0.117,82.87302814,121.8281003,24.70554277
2,-1,0.118,82.73053101,121.8290925,24.70566717
2,-1,0.119,82.07386638,121.8300841,24.70579675
2,-1,0.12,81.28501846,121.8310739,24.70593917
2,-1,0.121,80.2388002,121.8320614,24.70609676
2,-1,0.122,78.84560336,121.8330454,24.70627442
2,-1,0.123,77.45624781,121.8340249,24.70647588
2,-1,0.124,75.74847883,121.834999,24.70670203
2,-1,0.125,74.18259776,121.8359661,24.70695627
2,-1,0.126,72.30002086,121.8369254,24.70723848
2,-1,0.127,257.1441444,121.8178046,24.78093285
2,-1,0.128,251.3437913,121.8168449,24.78065399
2,-1,0.129,245.1379321,121.8159227,24.78026964
2,-1,0.13,242.2096173,121.8150376,24.77980585
2,-1,0.131,261.1635599,121.8141378,24.77937413
2,-1,0.132,276.9571249,121.8131448,24.77933394
2,-1,0.133,274.9197975,121.8121518,24.77945233
2,-1,0.134,270.8857046,121.811155,24.77952911
2,-1,0.135,266.1527296,121.8101554,24.77952017
2,-1,0.136,262.050677,121.8091595,24.77943151
2,-1,0.137,258.0419447,121.8081725,24.77927204
2,-1,0.138,254.5797384,121.8071984,24.77904669
2,-1,0.139,252.7727125,121.8062392,24.77876439
2,-1,0.14,249.5253301,121.8052976,24.77842807
2,-1,0.141,246.3660096,121.8043743,24.77804425
2,-1,0.142,243.4970564,121.8034702,24.77761711
2,-1,0.143,240.8058681,121.8025859,24.77715059
2,-1,0.144,238.1383284,121.8017211,24.77664862
2,-1,0.145,236.8180651,121.8008777,24.77611145
2,-1,0.146,234.0150839,121.8000567,24.77554076
2,-1,0.147,230.845849,121.7992591,24.7749377
2,-1,0.148,229.231926,121.7984909,24.7742976
2,-1,0.149,226.7613466,121.7977463,24.77363025
2,-1,0.15,224.9065006,121.7970266,24.77293613
2,-1,0.151,219.162013,121.796355,24.77219594
2,-1,0.152,211.7106539,121.795767,24.77138772
2,-1,0.153,209.320291,121.7952621,24.77052486
2,-1,0.154,205.15698,121.7948222,24.76962697
2,-1,0.155,201.833811,121.7944256,24.76870902
2,-1,0.156,201.0455685,121.7940557,24.76778
2,-1,0.157,200.6640988,121.793699,24.76684579
2,-1,0.158,200.5047556,121.7933463,24.76591006
2,-1,0.159,201.3157299,121.7929881,24.76497642
2,-1,0.16,202.1676586,121.7926192,24.76404698
2,-1,0.161,203.4509344,121.7922333,24.76312446
2,-1,0.162,204.7751259,121.791825,24.76221162
2,-1,0.163,206.9372809,121.7913872,24.76131265
2,-1,0.164,209.3675697,121.7909161,24.76043064
2,-1,0.165,212.0755358,121.7904073,24.75956991
2,-1,0.166,215.0765272,121.7898562,24.7587356
2,-1,0.167,218.1570291,121.7892597,24.75793317
2,-1,0.168,221.5799329,121.7886156,24.75716845
2,-1,0.169,225.3682331,121.7879279,24.75644277
2,-1,0.17,228.5593919,121.787197,24.75576054
2,-1,0.171,232.1287566,121.7864271,24.75512265
2,-1,0.172,235.1429772,121.7856222,24.75452948
2,-1,0.173,237.6992205,121.7847905,24.7539745
2,-1,0.174,239.652132,121.7839334,24.75345954
2,-1,0.175,241.8441574,121.7830566,24.75297879
2,-1,0.176,244.915139,121.7821625,24.75253091
2,-1,0.177,245.6855423,121.7812542,24.75211262
2,-1,0.178,247.3806461,121.7803342,24.7517207
2,-1,0.179,248.736261,121.7794046,24.7513522
2,-1,0.18,250.1452508,121.7784671,24.75100429
2,-1,0.181,251.5859471,121.7775235,24.75067354
2,-1,0.182,251.8840577,121.7765738,24.75036029
2,-1,0.183,253.109041,121.7756186,24.75006436
2,-1,0.184,254.5706334,121.7746593,24.74978217
2,-1,0.185,255.7396518,121.7736931,24.74952474
2,-1,0.186,260.1892724,121.7727165,24.74931147
2,-1,0.187,268.7989276,121.7717237,24.74920368
2,-1,0.188,279.2335298,121.7707283,24.74927381
2,-1,0.189,283.0070914,121.7697475,24.74946772
2,-1,0.19,280.3645704,121.7687693,24.74967466
2,-1,0.191,276.2483073,121.7677806,24.7498225
2,-1,0.192,271.7371554,121.7667837,24.74989507
2,-1,0.193,267.0203901,121.7657841,24.74988639
2,-1,0.194,261.9803767,121.764789,24.74979234
2,-1,0.195,256.285884,121.7638071,24.74960621
2,-1,0.196,251.0751306,121.762847,24.7493286
2,-1,0.197,245.4303004,121.7619186,24.74895861
2,-1,0.198,239.0503643,121.7610282,24.74850498
2,-1,0.199,236.9080938,121.7601834,24.74797064
2,-1,0.2,230.3831916,121.7593835,24.74737175
2,-1,0.201,233.3345584,121.7586119,24.74673643
2,-1,0.202,231.3861279,121.7578417,24.74609933
1,-3,0,234.1739181,120.5242519,22.41329107
1,-3,0.001,302.7923024,120.5234263,22.41326415
1,-3,0.002,120.4778225,120.5239678,22.4138313
2,-3,0,219.2381999,120.5235341,22.42232008
2,-3,0.001,302.8435138,120.5226947,22.42205083
2,-3,0.002,33.51614853,120.5223116,22.42283751
2,-3,0.003,98.21284817,120.5231369,22.42323322
2,-3,0.004,193.8154137,120.5235797,22.42250587
4,-2,0,58.23136105,120.5024888,22.41990173
4,-2,0.001,64.85887514,120.5033759,22.42036128
4,-2,0.002,70.68437084,120.5043108,22.42071488
4,-2,0.003,72.67434417,120.5052611,22.42102607
4,-2,0.004,73.11614497,120.5062166,22.42132074
4,-2,0.005,75.83131834,120.507181,22.42158471
4,-2,0.006,82.72305557,120.5081645,22.42176076
4,-2,0.007,94.21746047,120.5091622,22.4217616
4,-2,0.008,108.6742764,120.5101302,22.42152361
4,-2,0.009,121.308758,120.5110199,22.42107197
4,-2,0.01,131.4335668,120.5118232,22.42047906
4,-2,0.011,136.7664732,120.512539,22.41978194
4,-2,0.012,143.6271639,120.513177,22.41901263
4,-2,0.013,147.1147711,120.5137527,22.41819516
4,-2,0.014,147.5197795,120.514288,22.41735062
4,-2,0.015,149.4536881,120.514798,22.41649055
4,-2,0.016,154.4621762,120.5152554,22.4156018
3,-2,0,51.80693584,120.4535819,22.4480269
3,-2,0.001,52.84095884,120.4543736,22.44863761
3,-2,0.002,54.43452852,120.4551817,22.44922662
3,-2,0.003,54.6568523,120.4559992,22.4498025
3,-2,0.004,54.36867311,120.4568135,22.4503828
3,-2,0.005,52.60063256,120.4576123,22.45098424
3,-2,0.006,48.08209998,120.4583801,22.45162444
3,-2,0.007,46.93016172,120.4591092,22.45230844
3,-2,0.008,40.79948678,120.4597881,22.45304206
3,-2,0.009,34.70450246,120.4604123,22.4538226
3,-2,0.01,29.09886394,120.4609725,22.45465045
3,-2,0.011,27.75994209,120.4614619,22.45552203
3,-2,0.012,22.8100299,120.4618748,22.45643235
3,-2,0.013,14.27128272,120.4621955,22.45737909
3,-2,0.014,7.582303108,120.4624041,22.45835636
3,-2,0.015,0.216279183,120.4624828,22.45935217
3,-2,0.016,352.1265292,120.4624164,22.46034858
3,-2,0.017,347.7167991,120.4622224,22.46132922
3,-2,0.018,306.8370745,120.4619576,22.46228655
3,-2,0.019,189.4975483,120.4614789,22.46184249
3,-2,0.02,245.1354044,120.4610028,22.46102026
3,-2,0.021,265.4176645,120.4600387,22.46079806
3,-2,0.022,293.6521994,120.4590639,22.46100601
3,-2,0.023,300.7770365,120.458175,22.46145978
3,-2,0.024,311.6342452,120.4573829,22.46206764
3,-2,0.025,318.879208,120.456671,22.46276893
3,-2,0.026,322.789106,120.4560408,22.46354492
3,-2,0.027,328.0688019,120.4554815,22.46437336
3,-2,0.028,333.3823752,120.4549961,22.46524704
3,-2,0.029,338.8835191,120.4545946,22.46616226
3,-2,0.03,344.879902,120.4542893,22.46711377
3,-2,0.031,351.0086731,120.4540932,22.46809365
3,-2,0.032,0.78231999,120.454018,22.46909011
3,-2,0.033,7.429618794,120.4540722,22.47008787
3,-2,0.034,13.95409386,120.4542509,22.47107091
3,-2,0.035,20.54511868,120.4545478,22.47202489
3,-2,0.036,26.83665652,120.4549528,22.47293838
3,-2,0.037,33.00494637,120.4554534,22.47380329
3,-2,0.038,39.05762297,120.4560356,22.4746156
3,-2,0.039,41.76559516,120.456687,22.47537389
3,-2,0.04,48.18415583,120.4574057,22.47606859
3,-2,0.041,52.19041208,120.4581777,22.47670346
3,-2,0.042,62.29338435,120.4590116,22.47725449
3,-2,0.043,68.18613908,120.459912,22.47768791
3,-2,0.044,78.36362176,120.4608751,22.47795084
3,-2,0.045,90.60759269,120.4618714,22.47800646
3,-2,0.046,101.761901,120.4628585,22.47785595
3,-2,0.047,111.5105247,120.4638057,22.47753852
3,-2,0.048,119.127733,120.4647033,22.47709924
3,-2,0.049,124.3484767,120.465552,22.4765714
3,-2,0.05,128.1782619,120.4663586,22.47598072
3,-2,0.051,132.0158355,120.4671241,22.47533757
3,-2,0.052,134.6605865,120.4678519,22.474652
3,-2,0.053,138.1156938,120.4685417,22.47392825
3,-2,0.054,141.7437674,120.4691934,22.47316997
3,-2,0.055,143.7302497,120.4697992,22.47237449
3,-2,0.056,147.3127819,120.4703594,22.47154637
3,-2,0.057,150.7675122,120.4708715,22.47068769
3,-2,0.058,153.928755,120.4713347,22.46980166
3,-2,0.059,156.6455859,120.4717511,22.46889264
3,-2,0.06,159.2752229,120.4721257,22.4679656
3,-2,0.061,160.6601963,120.4724697,22.46702674
3,-2,0.062,161.453671,120.4727922,22.46608017
3,-2,0.063,161.3898289,120.4731099,22.46513198
3,-2,0.064,160.055321,120.4734433,22.46418925
3,-2,0.065,157.273559,120.4738146,22.46326087
3,-2,0.066,151.9949932,120.4742459,22.46235907
3,-2,0.067,145.8579048,120.4747546,22.46149892
3,-2,0.068,139.82577,120.4753501,22.46069713
3,-2,0.069,139.9638602,120.4760549,22.45999752
3,-2,0.07,41.74615168,120.4768503,22.46052047
3,-2,0.071,70.30513357,120.4777094,22.46102501
3,-2,0.072,82.9662853,120.4786745,22.46127559
3,-2,0.073,94.89305113,120.4796714,22.46130326
3,-2,0.074,106.233921,120.4806532,22.46112671
3,-2,0.075,116.9637826,120.4815859,22.46077183
3,-2,0.076,127.4918164,120.4824434,22.46026023
3,-2,0.077,135.8792003,120.4831995,22.45960753
3,-2,0.078,142.1153333,120.4838462,22.45884607
3,-2,0.079,150.9734481,120.4843757,22.45799867
3,-2,0.08,156.5628453,120.4848065,22.45709681
3,-2,0.081,158.377453,120.4851822,22.45617014
3,-2,0.082,153.8136338,120.4855905,22.45525778
3,-2,0.083,138.6698717,120.4861605,22.45444114
3,-2,0.084,114.2152099,120.4869571,22.45385221
3,-2,0.085,82.24582392,120.4879273,22.45368486
3,-2,0.086,54.58489046,120.4888529,22.45402556
3,-2,0.087,56.04525798,120.4896759,22.4545934
3,-2,0.088,90.09600697,120.4906442,22.45477208
3,-2,0.089,124.963623,120.4915326,22.45433946
3,-2,0.09,148.4125831,120.492162,22.45357137
3,-2,0.091,156.7669735,120.4926079,22.45267781
3,-2,0.092,156.7442854,120.4929983,22.4517572
3,-2,0.093,153.7518337,120.4934141,22.45084799
3,-2,0.094,148.7547165,120.4938965,22.44997257
3,-2,0.095,142.9265914,120.4944553,22.44914394
3,-2,0.096,136.4625687,120.4950912,22.4483728
3,-2,0.097,132.8748615,120.4957988,22.44766684
3,-2,0.098,126.1925827,120.4965652,22.44702524
3,-2,0.099,123.0184874,120.4973837,22.44645127
3,-2,0.1,118.7145852,120.4982438,22.44594191
3,-2,0.101,114.404545,120.4991371,22.44549319
3,-2,0.102,110.2544662,120.5000591,22.44510666
3,-2,0.103,106.1720498,120.5010059,22.44478578
3,-2,0.104,101.9338152,120.501973,22.44453247
3,-2,0.105,98.38751621,120.5029557,22.44434864
3,-2,0.106,95.29331353,120.5039477,22.44422383
3,-2,0.107,93.33584639,120.5049447,22.44414647
3,-2,0.108,92.85786826,120.5059433,22.44409357
3,-2,0.109,94.07821892,120.5069416,22.44403606
3,-2,0.11,97.09850925,120.5079369,22.44394115
3,-2,0.111,101.9547225,120.508923,22.4437777
3,-2,0.112,108.9260265,120.5098868,22.44351459
3,-2,0.113,117.5624677,120.5108087,22.44313098
3,-2,0.114,128.0931204,120.5116601,22.44260954
3,-2,0.115,137.9306637,120.5123919,22.44193113
3,-2,0.116,152.7236951,120.5129681,22.44111816
3,-2,0.117,168.1899162,120.513321,22.44018689
3,-2,0.118,184.3151353,120.5133925,22.43919485
3,-2,0.119,201.2512333,120.5131506,22.4382303
3,-2,0.12,209.6706871,120.5126869,22.43734592
3,-2,0.121,219.6542134,120.5121265,22.43652017
3,-2,0.122,244.9957965,120.5113174,22.43594924
3,-2,0.123,262.2307487,120.5103555,22.43569633
3,-2,0.124,268.5477386,120.5093583,22.43563253
3,-2,0.125,267.4510854,120.5083588,22.43560267
3,-2,0.126,260.2502126,120.5073665,22.43548718
3,-2,0.127,248.5010946,120.5064127,22.43519437
3,-2,0.128,232.8121987,120.5055563,22.43468564
3,-2,0.129,219.633329,120.5048256,22.43400626
3,-2,0.13,210.7552953,120.5042555,22.43318619
3,-2,0.131,198.4582888,120.5038634,22.43226907
3,-2,0.132,172.6666917,120.5037189,22.43128426
3,-2,0.133,149.8184412,120.5039665,22.43032323
3,-2,0.134,137.2045135,120.5045596,22.4295245
3,-2,0.135,121.9512429,120.5053454,22.42890835
3,-2,0.136,119.8133437,120.5062029,22.42839424
3,-2,0.137,115.0933985,120.5070957,22.42794481
3,-2,0.138,106.6363786,120.5080325,22.42759878
3,-2,0.139,90.11346938,120.5090171,22.42745714
3,-2,0.14,70.79989009,120.5099935,22.42763731
3,-2,0.141,57.06094768,120.5108865,22.42807995
3,-2,0.142,48.8746716,120.5116896,22.42867429
3,-2,0.143,46.75685422,120.5124325,22.42934338
3,-2,0.144,48.16006519,120.5131577,22.43003191
3,-2,0.145,52.84092267,120.513925,22.43067182
3,-2,0.146,69.73439991,120.5148013,22.43114347
3,-2,0.147,84.38867779,120.5157735,22.4313593
3,-2,0.148,94.97090348,120.5167714,22.43135631
3,-2,0.149,101.0805748,120.5177598,22.43120929
3,-2,0.15,104.9167996,120.5187327,22.43097928
3,-2,0.151,107.5531068,120.5196922,22.43069815
3,-2,0.152,110.1529209,120.5206367,22.43037014
3,-2,0.153,114.3400494,120.5215629,22.42999403
3,-2,0.154,118.1968711,120.5224671,22.42956784
3,-2,0.155,121.6063203,120.5233422,22.42908466
3,-2,0.156,123.5383182,120.5241819,22.42854204
3,-2,0.157,128.2528094,120.5249846,22.42794619
3,-2,0.158,131.1454802,120.52576,22.42731492
3,-2,0.159,133.1570828,120.5265065,22.42664975
3,-2,0.16,140.1606572,120.5272091,22.42593864
3,-2,0.161,144.3869269,120.5278273,22.42515337
3,-2,0.162,151.7906078,120.5283437,22.42429801
3,-2,0.163,158.6689627,120.528751,22.42338567
3,-2,0.164,164.684876,120.5290536,22.42243323
3,-2,0.165,168.9782016,120.5292671,22.42145657
3,-2,0.166,171.8986141,120.5294219,22.42046868
3,-2,0.167,172.9985018,120.5295573,22.41947791
3,-2,0.168,175.2199947,120.5296609,22.4184834
3,-2,0.169,177.7344465,120.5297192,22.41748523
3,-2,0.17,178.8720898,120.5297431,22.41648553
3,-2,0.171,172.6067882,120.529799,22.41548747
3,-2,0.172,163.2283341,120.5299903,22.41450763
3,-2,0.173,155.1882557,120.5303427,22.41357337
3,-2,0.174,151.6512876,120.5307866,22.41267789
3,-2,0.175,154.0571532,120.5312416,22.41178777
3,-2,0.176,164.7249419,120.5316054,22.41085858
3,-2,0.177,176.0721469,120.5317838,22.40987815
3,-2,0.178,186.4878067,120.5317405,22.40888115
3,-2,0.179,193.0608215,120.531545,22.40790105
3,-2,0.18,198.0409658,120.5312641,22.40694145
3,-2,0.181,198.8559454,120.5309471,22.40599305
5,-1,0,32.58962617,120.6237739,22.324974
5,-1,0.001,28.25723409,120.6242735,22.32583991
5,-1,0.002,23.32661376,120.6246998,22.32674405
5,-1,0.003,17.63140064,120.6250377,22.32768463
5,-1,0.004,11.98517085,120.6252761,22.32865529
5,-1,0.005,3.894482694,120.6254055,22.32964643
5,-1,0.006,0.019733655,120.6254449,22.33064535
5,-1,0.007,357.5214772,120.6254224,22.33164497
5,-1,0.008,355.7087274,120.6253602,22.33264297
5,-1,0.009,352.3125723,120.6252607,22.33363793
5,-1,0.01,349.2040826,120.62511,22.33462635
5,-1,0.011,345.48694,120.6248974,22.33560324
5,-1,0.012,341.4420721,120.6246147,22.33656212
5,-1,0.013,337.0131836,120.6242584,22.33749609
5,-1,0.014,332.4780037,120.6238293,22.33839892
5,-1,0.015,327.7725264,120.62333,22.33926484
5,-1,0.016,323.1866715,120.6227653,22.34008972
5,-1,0.017,317.7636063,120.6221398,22.34086965
5,-1,0.018,314.9483639,120.6214548,22.3415978
5,-1,0.019,310.7564928,120.6207218,22.34227769
5,-1,0.02,306.8243452,120.6199401,22.34290096
5,-1,0.021,302.9627254,120.6191207,22.34347367
5,-1,0.022,300.1707386,120.618264,22.34398919
5,-1,0.023,296.1831986,120.6173747,22.34444617
5,-1,0.024,291.7824918,120.6164556,22.34483972
5,-1,0.025,287.2593689,120.6155111,22.34516716
5,-1,0.026,282.3472836,120.6145436,22.3454184
5,-1,0.027,276.6958307,120.6135571,22.34557806
5,-1,0.028,270.1188764,120.6125591,22.34562799
5,-1,0.029,263.1347013,120.6115626,22.34555475
5,-1,0.03,258.151367,120.6105792,22.34537541
5,-1,0.031,259.856306,120.6095983,22.34518146
5,-1,0.032,268.6037888,120.608603,22.34510037
5,-1,0.033,280.6785458,120.6076122,22.34521946
5,-1,0.034,293.6711478,120.606673,22.34555633
5,-1,0.035,306.5474829,120.6058258,22.34608288
5,-1,0.036,319.3014684,120.6050866,22.34675342
5,-1,0.037,324.5288497,120.6044675,22.34753756
5,-1,0.038,331.8233099,120.6039591,22.34839788
5,-1,0.039,337.6131238,120.6035427,22.34930646
5,-1,0.04,340.7291916,120.6031983,22.35024515
5,-1,0.041,349.9779523,120.6029365,22.35120994
5,-1,0.042,35.45946689,120.6031417,22.35212799
5,-1,0.043,31.70393843,120.603711,22.3529491
5,-1,0.044,23.58961409,120.6041601,22.35384144
5,-1,0.045,15.30329954,120.6044705,22.35479088
5,-1,0.046,3.66321499,120.6046226,22.35577832
5,-1,0.047,357.8168595,120.6046465,22.35677732
5,-1,0.048,354.1861159,120.6045752,22.35777449
5,-1,0.049,352.7409002,120.6044569,22.35876743
5,-1,0.05,353.8239373,120.6043407,22.35976063
5,-1,0.051,0.000749483,120.6042818,22.36075857
5,-1,0.052,6.674530953,120.6043274,22.36175668
5,-1,0.053,15.03939244,120.6045134,22.36273776
5,-1,0.054,24.21787746,120.6048557,22.36367559
5,-1,0.055,34.35661816,120.6053538,22.36454061
5,-1,0.056,43.23787628,120.6059815,22.36531734
5,-1,0.057,50.51598461,120.606714,22.36599701
5,-1,0.058,55.91119285,120.607509,22.36660302
5,-1,0.059,56.89559526,120.6083429,22.3671548
5,-1,0.06,58.27117,120.6091903,22.36768566
5,-1,0.061,58.27302254,120.6100394,22.36821371
5,-1,0.062,56.95995965,120.61088,22.3687552
5,-1,0.063,53.69614611,120.611707,22.36931715
5,-1,0.064,52.55756289,120.6125114,22.36991109
5,-1,0.065,50.95469357,120.6132959,22.37053105
5,-1,0.066,47.62653857,120.6140562,22.37118028
5,-1,0.067,47.00793743,120.614789,22.37186056
5,-1,0.068,43.541612,120.6154977,22.37256577
5,-1,0.069,42.43204672,120.6161801,22.37329672
5,-1,0.07,40.59860313,120.6168378,22.37404982
5,-1,0.071,38.15940702,120.6174735,22.37482161
5,-1,0.072,36.14358265,120.6180878,22.37561069
5,-1,0.073,36.54804757,120.618681,22.37641569
5,-1,0.074,34.94905097,120.6192583,22.37723211
5,-1,0.075,33.63388005,120.6198202,22.37805928
5,-1,0.076,32.56066799,120.6203682,22.37889576
5,-1,0.077,31.63197738,120.6209036,22.3797403
5,-1,0.078,30.8387376,120.6214279,22.38059185
5,-1,0.079,30.70094126,120.6219414,22.38144989
5,-1,0.08,30.00695239,120.6224453,22.38231369
5,-1,0.081,29.34793372,120.6229397,22.38318292
5,-1,0.082,28.70243513,120.6234247,22.38405743
5,-1,0.083,28.06734642,120.6239003,22.38493707
5,-1,0.084,27.42360307,120.6243661,22.38582191
5,-1,0.085,26.76950579,120.6248219,22.38671198
5,-1,0.086,26.08667875,120.6252671,22.3876074
5,-1,0.087,25.37097668,120.6257013,22.38850823
5,-1,0.088,24.63820245,120.6261239,22.38941455
5,-1,0.089,23.87109974,120.6265342,22.39032646
5,-1,0.09,23.0878777,120.6269319,22.39124399
5,-1,0.091,22.21389047,120.6273162,22.39216715
5,-1,0.092,21.38323862,120.6276869,22.3930959
5,-1,0.093,20.51614514,120.628043,22.39403034
5,-1,0.094,19.62553559,120.628384,22.39497037
5,-1,0.095,18.68858936,120.6287096,22.39591589
5,-1,0.096,17.27158407,120.6290189,22.39686682
5,-1,0.097,16.32309974,120.629311,22.39782319
5,-1,0.098,15.3083955,120.629586,22.39878462
5,-1,0.099,14.31245439,120.6298429,22.39975103
5,-1,0.1,13.26890408,120.6300815,22.40072214
5,-1,0.101,12.22610095,120.630301,22.40169773
5,-1,0.102,11.14523701,120.630501,22.4026775
5,-1,0.103,9.490940948,120.6306805,22.40366124
5,-1,0.104,8.365955631,120.630839,22.40464858
5,-1,0.105,7.229315145,120.6309761,22.40563911
5,-1,0.106,6.056482523,120.6310914,22.40663242
5,-1,0.107,4.864444891,120.6311843,22.40762806
5,-1,0.108,3.057384561,120.6312545,22.40862557
5,-1,0.109,1.830103138,120.6313005,22.40962449
5,-1,0.11,0.580541976,120.6313229,22.4106242
5,-1,0.111,359.3201753,120.6313213,22.41162417
5,-1,0.112,358.0401251,120.6312953,22.4126238
5,-1,0.113,356.1027018,120.631244,22.41362246
5,-1,0.114,354.8216964,120.6311676,22.4146195
5,-1,0.115,353.5103762,120.6310667,22.41561436
5,-1,0.116,352.1983686,120.6309409,22.41660639
5,-1,0.117,350.8943591,120.6307907,22.417595
5,-1,0.118,349.0023241,120.6306159,22.41857959
5,-1,0.119,347.7527089,120.6304176,22.41955969
5,-1,0.12,346.552975,120.6301966,22.42053493
5,-1,0.121,345.4036065,120.6299541,22.42150508
5,-1,0.122,344.3011293,120.6296915,22.42246996
5,-1,0.123,343.2986811,120.6294103,22.42342957
5,-1,0.124,342.3583875,120.6291119,22.42438402
5,-1,0.125,341.0783256,120.628798,22.42533346
5,-1,0.126,340.3089718,120.62847,22.42627812
5,-1,0.127,339.5718941,120.6281288,22.42721809
5,-1,0.128,338.7360249,120.6277745,22.42815321
5,-1,0.129,337.8821146,120.6274067,22.42908313
5,-1,0.13,336.8922,120.6270235,22.43000674
5,-1,0.131,335.7468944,120.6266223,22.43092274
5,-1,0.132,334.3979181,120.6262006,22.4318294
5,-1,0.133,332.8214551,120.6257554,22.43272479
5,-1,0.134,330.9763469,120.6252844,22.43360684
5,-1,0.135,328.928264,120.6247852,22.4344732
5,-1,0.136,326.6867697,120.6242558,22.43532153
5,-1,0.137,324.1654844,120.6236958,22.4361499
5,-1,0.138,322.92287,120.6231023,22.43695463
5,-1,0.139,320.1612482,120.6224761,22.4377342
5,-1,0.14,317.2026515,120.6218185,22.43848743
5,-1,0.141,315.5823807,120.6211289,22.43921151
5,-1,0.142,312.2050167,120.6204079,22.43990426
5,-1,0.143,310.4479209,120.6196568,22.44056428
5,-1,0.144,306.8986421,120.6188765,22.4411895
5,-1,0.145,305.1679354,120.6180689,22.44177903
5,-1,0.146,302.4345489,120.6172353,22.44233119
5,-1,0.147,299.7686149,120.616378,22.44284581
5,-1,0.148,297.0527356,120.6154978,22.44332025
5,-1,0.149,295.0815388,120.6145967,22.44375368
5,-1,0.15,292.2887059,120.6136766,22.44414511
5,-1,0.151,289.5529196,120.6127398,22.44449472
5,-1,0.152,286.8861495,120.6117883,22.44480193
5,-1,0.153,284.3109362,120.6108239,22.44506596
5,-1,0.154,281.7461723,120.6098486,22.44528643
5,-1,0.155,279.2149643,120.6088645,22.44546318
5,-1,0.156,276.6702854,120.6078734,22.44559612
5,-1,0.157,274.2521067,120.6068775,22.44568513
5,-1,0.158,271.8087834,120.6058786,22.44573044
5,-1,0.159,269.3804167,120.6048787,22.44573212
5,-1,0.16,265.76485,120.6038796,22.44569042
5,-1,0.161,263.3345576,120.6028833,22.4456051
5,-1,0.162,261.0320491,120.6018915,22.44547804
5,-1,0.163,258.6263826,120.6009059,22.44530942
5,-1,0.164,256.3760019,120.5999284,22.44509879
5,-1,0.165,253.8853444,120.59896,22.44484981
5,-1,0.166,251.6294892,120.5980029,22.44456044
5,-1,0.167,248.8251299,120.5970582,22.44423282
5,-1,0.168,248.0247971,120.5961269,22.44386863
5,-1,0.169,245.6894465,120.5952112,22.44346694
5,-1,0.17,243.2796043,120.594312,22.44302958
5,-1,0.171,240.7589985,120.5934305,22.44255772
5,-1,0.172,238.0799178,120.5925677,22.44205239
5,-1,0.173,235.2535342,120.5917246,22.44151482
5,-1,0.174,234.7181484,120.5909042,22.4409431
5,-1,0.175,231.5393054,120.5901069,22.44033985
5,-1,0.176,230.1710146,120.5893332,22.43970638
5,-1,0.177,227.0479278,120.5885895,22.439038
5,-1,0.178,223.4670024,120.5878723,22.43834127
5,-1,0.179,221.6311924,120.5871914,22.43760911
5,-1,0.18,219.2124874,120.5865432,22.43684784
5,-1,0.181,215.4984926,120.585934,22.43605492
5,-1,0.182,212.7181054,120.5853698,22.4352294
5,-1,0.183,209.6669651,120.5848518,22.4343742
5,-1,0.184,206.4213651,120.5843826,22.43349132
5,-1,0.185,203.1459981,120.583964,22.43258335
5,-1,0.186,200.2891495,120.5835972,22.43165319
5,-1,0.187,197.4727492,120.5832794,22.4307052
5,-1,0.188,194.9673492,120.583008,22.42974282
5,-1,0.189,191.5961527,120.5827794,22.4287694
5,-1,0.19,189.574909,120.5825902,22.42778752
5,-1,0.191,187.9176621,120.582435,22.4267997
5,-1,0.192,186.2168235,120.5823125,22.42580729
5,-1,0.193,184.5147226,120.5822222,22.42481144
5,-1,0.194,181.6987534,120.5821657,22.42381309
5,-1,0.195,179.3913487,120.5821496,22.42281331
5,-1,0.196,177.8060437,120.5821758,22.42181371
5,-1,0.197,236.3509252,120.5818047,22.42096666
5,-1,0.198,216.5969497,120.5811081,22.42025942
5,-1,0.199,200.416559,120.5806718,22.419364
5,-1,0.2,181.2509521,120.5804784,22.41838563
5,-1,0.201,168.8329123,120.5805316,22.41738971
5,-1,0.202,155.3004216,120.5808198,22.4164358
5,-1,0.203,139.7650549,120.5813365,22.41558452
5,-1,0.204,131.6896738,120.5820389,22.41487612
5,-1,0.205,120.0571437,120.5828591,22.41430631
5,-1,0.206,115.4872912,120.5837417,22.41383703
5,-1,0.207,113.6470674,120.5846499,22.41341859
5,-1,0.208,114.3626664,120.5855653,22.41301591
5,-1,0.209,114.9852861,120.5864751,22.41260106
5,-1,0.21,117.7248968,120.5873678,22.4121507
5,-1,0.211,122.3536482,120.5882335,22.41165047
5,-1,0.212,127.7922482,120.5890565,22.41108327
5,-1,0.213,131.8503012,120.5898237,22.41044275
5,-1,0.214,141.1348761,120.5905093,22.40971629
5,-1,0.215,150.9903203,120.5910917,22.40890489
5,-1,0.216,161.0803629,120.5915312,22.40800805
5,-1,0.217,171.8453704,120.5917931,22.40704496
5,-1,0.218,182.3515255,120.5918577,22.40604926
5,-1,0.219,192.1425548,120.5917297,22.40505956
5,-1,0.22,202.6529359,120.5914157,22.40411232
5,-1,0.221,211.1193625,120.5909589,22.40322451
5,-1,0.222,215.0542286,120.5903946,22.40240047
5,-1,0.223,219.8639221,120.589776,22.40161571
5,-1,0.224,218.4820583,120.5891408,22.40084367
5,-1,0.225,213.7291143,120.5885545,22.40003456
5,-1,0.226,203.4314799,120.5880904,22.39915085
5,-1,0.227,193.7627742,120.5877892,22.39819919
5,-1,0.228,178.9469029,120.5876673,22.39720815
5,-1,0.229,166.6346826,120.5877498,22.39621381
5,-1,0.23,124.8178231,120.588137,22.3953229
5,-1,0.231,101.4060722,120.5890551,22.3951219
5,-1,0.232,135.665659,120.5898846,22.39463676
5,-1,0.233,229.2466297,120.5897066,22.39379246
5,-1,0.234,320.5091894,120.588865,22.39386317
5,-1,0.235,302.5317937,120.5883218,22.39466716
5,-1,0.236,254.3919732,120.5873997,22.39471927
5,-1,0.237,260.8917907,120.5864282,22.39448465
5,-1,0.238,265.34382,120.5854371,22.39435364
5,-1,0.239,270.9609026,120.5844386,22.39431195
5,-1,0.24,277.1442805,120.5834413,22.39437528
5,-1,0.241,283.604624,120.5824577,22.39455095
5,-1,0.242,291.0802274,120.5815022,22.39484254
5,-1,0.243,299.0517921,120.5805913,22.39525272
5,-1,0.244,307.3788228,120.5797434,22.39578142
5,-1,0.245,315.2239162,120.5789881,22.3964351
5,-1,0.246,324.2168221,120.5783342,22.39719012
5,-1,0.247,330.7048613,120.5778096,22.39804054
5,-1,0.248,338.3616451,120.577407,22.39895524
5,-1,0.249,344.4610177,120.5770991,22.39990637
5,-1,0.25,344.3740444,120.5768343,22.40087067
5,-1,0.251,342.3844679,120.576554,22.4018305
5,-1,0.252,340.2280257,120.5762367,22.40277873
5,-1,0.253,340.3466817,120.5758976,22.40371949
5,-1,0.254,340.0652851,120.5755526,22.40465803
5,-1,0.255,339.2591381,120.5752079,22.4055967
5,-1,0.256,335.8897251,120.57484,22.4065265
5,-1,0.257,331.7079238,120.5743974,22.40742278
5,-1,0.258,318.023107,120.5738278,22.40824276
5,-1,0.259,304.4368526,120.5730967,22.40892127
5,-1,0.26,290.7668129,120.5722201,22.40939698
5,-1,0.261,279.3077736,120.5712595,22.40966625
5,-1,0.262,269.1443852,120.5702648,22.40974647
5,-1,0.263,259.3610788,120.5692713,22.40965015
5,-1,0.264,247.8124592,120.568313,22.40937329
5,-1,0.265,236.4817892,120.5674213,22.40892652
5,-1,0.266,229.1184127,120.5666252,22.40832364
5,-1,0.267,223.6665265,120.565917,22.40761807
5,-1,0.268,221.4763471,120.5652466,22.4068763
5,-1,0.269,226.1045699,120.5645571,22.4061524
5,-1,0.27,229.5575659,120.5638177,22.40547985
5,-1,0.271,236.9685604,120.563014,22.40488615
5,-1,0.272,244.0690073,120.5621469,22.40438938
5,-1,0.273,251.081612,120.5612272,22.40399817
5,-1,0.274,257.0893697,120.5602706,22.40370811
5,-1,0.275,261.6750086,120.5592911,22.4035077
5,-1,0.276,265.959733,120.5582987,22.40338692
5,-1,0.277,269.9709134,120.5573001,22.40333915
5,-1,0.278,274.2779891,120.5563007,22.40336485
5,-1,0.279,279.1884687,120.5553068,22.403471
5,-1,0.28,284.8630243,120.554327,22.40366831
5,-1,0.281,291.6268339,120.5533731,22.4039661
5,-1,0.282,299.7274774,120.5524596,22.40437114
5,-1,0.283,307.0670528,120.5516105,22.40489728
5,-1,0.284,317.0459456,120.5508704,22.4055657
5,-1,0.285,344.1851757,120.5504055,22.40643617
5,-1,0.286,6.053674363,120.5503789,22.40742729
5,-1,0.287,16.71495065,120.5506255,22.40839476
5,-1,0.288,27.28903572,120.5510134,22.40931593
5,-1,0.289,28.59621655,120.5514782,22.41020119
5,-1,0.29,29.44129507,120.5519701,22.41107185
5,-1,0.291,26.31448709,120.5524335,22.41195776
5,-1,0.292,19.43058149,120.5528064,22.41288477
5,-1,0.293,3.369877226,120.5530109,22.41386187
5,-1,0.294,350.1428424,120.5529879,22.41485853
5,-1,0.295,337.1363452,120.5527259,22.41581993
5,-1,0.296,324.5919293,120.5522475,22.4166948
5,-1,0.297,314.7324739,120.5516164,22.41746875
5,-1,0.298,309.5864406,120.5508785,22.41814284
5,-1,0.299,306.530199,120.5500859,22.41875215
5,-1,0.3,302.6570341,120.5492581,22.41931303
5,-1,0.301,299.9318191,120.5484056,22.41983541
5,-1,0.302,295.5865054,120.5475265,22.42031158
5,-1,0.303,289.8055037,120.5466132,22.42071796
5,-1,0.304,282.5439639,120.5456623,22.42102588
5,-1,0.305,275.7833263,120.5446821,22.42122079
5,-1,0.306,268.581063,120.5436849,22.42128543
5,-1,0.307,261.812505,120.5426875,22.42122324
5,-1,0.308,256.0857663,120.5417038,22.42104612
5,-1,0.309,254.0814565,120.5407354,22.42079732
5,-1,0.31,257.6524583,120.5397715,22.42053157
5,-1,0.311,268.5686922,120.5387862,22.42037021
5,-1,0.312,289.3932445,120.5377972,22.42046449
5,-1,0.313,312.2050276,120.5369248,22.42093741
5,-1,0.314,332.5024937,120.5363392,22.42174037
5,-1,0.315,344.0173216,120.535995,22.4226767
5,-1,0.316,348.1495052,120.5357711,22.42365104
5,-1,0.317,346.3324064,120.5355604,22.42462857
5,-1,0.318,343.9255632,120.5353152,22.42559796
5,-1,0.319,340.366116,120.5350151,22.42655164
5,-1,0.32,336.9803588,120.5346588,22.42748576
5,-1,0.321,333.8460487,120.5342466,22.42839666
5,-1,0.322,330.8546587,120.533785,22.42928358
5,-1,0.323,328.2105931,120.5332815,22.43014741
5,-1,0.324,326.0663573,120.5327436,22.43099033
5,-1,0.325,325.1011543,120.5321774,22.43181456
5,-1,0.326,323.3102548,120.5315871,22.43262171
5,-1,0.327,321.2889279,120.5309748,22.43341228
5,-1,0.328,319.3222843,120.5303387,22.43418384
5,-1,0.329,318.0471326,120.5296773,22.43493379
5,-1,0.33,315.077914,120.528988,22.43565807
5,-1,0.331,312.8426934,120.5282703,22.43635436
5,-1,0.332,310.0811634,120.5275224,22.43701804
5,-1,0.333,308.4076916,120.5267469,22.43764916
5,-1,0.334,305.4621506,120.5259446,22.43824598
5,-1,0.335,302.6334748,120.5251189,22.43880985
5,-1,0.336,301.6035393,120.5242717,22.43934099
5,-1,0.337,299.0748325,120.5234052,22.43984001
5,-1,0.338,297.1453512,120.5225247,22.44031404
5,-1,0.339,295.4461478,120.5216324,22.44076528
5,-1,0.34,296.5176962,120.5207361,22.44120844
5,-1,0.341,355.5641997,120.5203202,22.44205671
5,-1,0.342,350.6110962,120.5201869,22.44304735
5,-1,0.343,343.2568747,120.5199605,22.44402102
5,-1,0.344,339.5076069,120.5196577,22.44497388
5,-1,0.345,335.794551,120.519282,22.44590033
5,-1,0.346,332.1988301,120.5188467,22.44680034
5,-1,0.347,329.2949925,120.5183619,22.44767475
5,-1,0.348,327.1966166,120.5178397,22.4485275
5,-1,0.349,325.9991298,120.5172921,22.44936419
5,-1,0.35,325.0965249,120.516727,22.4501892
5,-1,0.351,324.4286657,120.5161497,22.45100573
5,-1,0.352,324.0211197,120.5155628,22.45181533
5,-1,0.353,323.8890468,120.5149633,22.45261563
5,-1,0.354,320.6652523,120.5143467,22.4534028
5,-1,0.355,320.2161054,120.5137139,22.45417703
5,-1,0.356,319.8285945,120.5130668,22.45493936
5,-1,0.357,316.7880937,120.5124,22.45568448
5,-1,0.358,317.1217868,120.5117226,22.45641999
5,-1,0.359,316.7752432,120.5110413,22.45715194
5,-1,0.36,317.1551197,120.5103618,22.45788556
5,-1,0.361,319.7850496,120.5097023,22.45863711
5,-1,0.362,323.1078431,120.5090737,22.45941464
5,-1,0.363,326.3831018,120.5084877,22.46022481
5,-1,0.364,328.0484666,120.5079447,22.46106438
5,-1,0.365,329.7604072,120.5074307,22.46192211
5,-1,0.366,330.2114258,120.5069295,22.46278746
5,-1,0.367,329.683621,120.5064267,22.46365183
5,-1,0.368,328.3998882,120.5059112,22.46450871
5,-1,0.369,326.5564147,120.5053762,22.46535343
5,-1,0.37,324.7215526,120.5048188,22.4661836
5,-1,0.371,323.0539447,120.5042352,22.4669956
5,-1,0.372,326.8364148,120.503644,22.4678017
5,-1,0.373,344.3003522,120.5033101,22.46874076
5,-1,0.374,342.9152505,120.5030407,22.46970374
5,-1,0.375,341.5825017,120.5027353,22.47065591
5,-1,0.376,339.3218584,120.5024054,22.47159982
5,-1,0.377,338.2321933,120.5020476,22.47253361
5,-1,0.378,337.4884588,120.5016683,22.47345887
5,-1,0.379,337.3707036,120.5012769,22.47437906
5,-1,0.38,337.340137,120.5008907,22.47530146
5,-1,0.381,339.6512878,120.5005259,22.47623244
5,-1,0.382,343.4735266,120.5002093,22.47718065
5,-1,0.383,348.1418269,120.4999712,22.47815147
5,-1,0.384,352.8424494,120.4998214,22.47913985
5,-1,0.385,357.5981211,120.4997478,22.48013699
5,-1,0.386,359.0516882,120.4997175,22.48113649
5,-1,0.387,359.5906583,120.4997065,22.48213642
5,-1,0.388,359.6212286,120.4997001,22.4831364
5,-1,0.389,359.3771221,120.4996917,22.48413637
5,-1,0.39,359.3466532,120.4996804,22.4851363
5,-1,0.391,359.5499486,120.4996704,22.48613625
5,-1,0.392,0.078889277,120.4996673,22.48713624
5,-1,0.393,0.861857398,120.4996772,22.48813618
5,-1,0.394,2.183165038,120.4997041,22.4891358
5,-1,0.395,2.812509475,120.4997467,22.49013489
5,-1,0.396,2.984941216,120.4997979,22.49113358
5,-1,0.397,2.29489814,120.499844,22.4921325
5,-1,0.398,0.567078511,120.499865,22.49313223
5,-1,0.399,355.8035618,120.4998345,22.49413158
5,-1,0.4,351.6200256,120.4997315,22.49512592
5,-1,0.401,346.820081,120.4995455,22.49610797
5,-1,0.402,342.0417913,120.4992714,22.49706923
5,-1,0.403,338.0514159,120.4989237,22.4980065
5,-1,0.404,334.7636017,120.4985149,22.49891893
5,-1,0.405,332.1511567,120.4980603,22.49980953
5,-1,0.406,330.1467123,120.4975724,22.50068236
5,-1,0.407,328.6640247,120.4970605,22.50154136
5,-1,0.408,327.6249697,120.4965317,22.5023901
5,-1,0.409,326.9388117,120.4959913,22.50323148
5,-1,0.41,326.5350289,120.4954433,22.50406799
5,-1,0.411,326.3480796,120.4948911,22.50490169
5,-1,0.412,326.3478767,120.4943372,22.50573424
5,-1,0.413,326.4033096,120.4937836,22.50656706
5,-1,0.414,326.6038273,120.4932323,22.50740134
5,-1,0.415,326.9160479,120.4926844,22.5082379
5,-1,0.416,327.3190111,120.4921411,22.50907745
5,-1,0.417,327.7615688,120.4916032,22.50992044
5,-1,0.418,328.2329586,120.4910715,22.51076735
5,-1,0.419,328.4514031,120.4905464,22.5116184
5,-1,0.42,328.9655571,120.4900284,22.5124738
5,-1,0.421,329.4620415,120.4895173,22.51333331
5,-1,0.422,329.9411179,120.4890131,22.5141969
5,-1,0.423,330.4150757,120.4885158,22.51506442
5,-1,0.424,330.8355785,120.4880247,22.51593557
5,-1,0.425,331.2088345,120.4875396,22.51680999
5,-1,0.426,331.5402187,120.4870597,22.51768731
5,-1,0.427,331.7957697,120.4865841,22.518567
5,-1,0.428,331.9750029,120.4861121,22.51944856
5,-1,0.429,332.0954306,120.4856423,22.52033134
5,-1,0.43,332.1020584,120.4851735,22.52121465
5,-1,0.431,331.9912725,120.4847043,22.52209774
5,-1,0.432,331.7897993,120.484233,22.52297973
5,-1,0.433,331.4498155,120.4837581,22.52385974
5,-1,0.434,331.0055744,120.4832775,22.52473671
5,-1,0.435,330.4032281,120.4827896,22.52560957
5,-1,0.436,329.9776095,120.4822921,22.52647704
5,-1,0.437,329.1496827,120.4817831,22.52733782
5,-1,0.438,328.1731253,120.4812609,22.52819059
5,-1,0.439,327.0557412,120.4807235,22.52903392
5,-1,0.44,325.6165512,120.4801695,22.5298664
5,-1,0.441,324.2305907,120.4795967,22.53068608
5,-1,0.442,322.6438015,120.4790051,22.53149228
5,-1,0.443,321.758672,120.4783924,22.53228251
5,-1,0.444,320.0730552,120.477759,22.53305627
5,-1,0.445,318.0278871,120.4771039,22.53381181
5,-1,0.446,317.0185893,120.4764284,22.53454912
5,-1,0.447,314.9417399,120.4757323,22.53526695
5,-1,0.448,313.268423,120.4750174,22.53596613
5,-1,0.449,312.0202466,120.4742837,22.53664562
5,-1,0.45,311.1428414,120.4735347,22.53730812
5,-1,0.451,309.5535425,120.4727705,22.53795311
5,-1,0.452,308.852645,120.471995,22.53858442
5,-1,0.453,307.640909,120.4712093,22.53920299
5,-1,0.454,307.2868615,120.4704153,22.53981086
5,-1,0.455,306.8229877,120.4696156,22.54041128
5,-1,0.456,305.8222799,120.4688093,22.54100269
5,-1,0.457,305.1986454,120.4679968,22.54158559
5,-1,0.458,304.8176573,120.467178,22.54215963
5,-1,0.459,302.8201229,120.4663497,22.54271993
5,-1,0.46,301.4148592,120.4655069,22.54325813
5,-1,0.461,299.8953913,120.4646486,22.5437711
5,-1,0.462,297.5541432,120.4637709,22.54425002
5,-1,0.463,294.6119627,120.4628725,22.54468893
5,-1,0.464,291.4958133,120.4619534,22.54508253
5,-1,0.465,288.465204,120.4610151,22.54542763
5,-1,0.466,285.5554411,120.4600605,22.54572505
5,-1,0.467,283.0840708,120.4590929,22.54597726
5,-1,0.468,280.8956533,120.4581156,22.54618884
5,-1,0.469,279.1015146,120.4571314,22.54636547
5,-1,0.47,277.5724395,120.4561423,22.54651264
5,-1,0.471,276.3238796,120.4551499,22.54663492
5,-1,0.472,275.2941732,120.4541551,22.54673663
5,-1,0.473,274.3832008,120.4531587,22.54682128
5,-1,0.474,273.6523409,120.4521612,22.54689138
5,-1,0.475,273.0158362,120.4511628,22.54694924
5,-1,0.476,272.4634875,120.450164,22.54699642
5,-1,0.477,271.9635765,120.4491647,22.54703437
5,-1,0.478,271.527743,120.4481651,22.54706403
5,-1,0.479,271.112198,120.4471654,22.5470861
5,-1,0.48,270.7393643,120.4461655,22.5471013
5,-1,0.481,270.3985786,120.4451655,22.54711015
5,-1,0.482,270.0681967,120.4441655,22.54711297
5,-1,0.483,269.6206077,120.4431655,22.5471103
5,-1,0.484,269.3434514,120.4421656,22.54710233
5,-1,0.485,269.0876777,120.4411657,22.54708941
5,-1,0.486,268.8317714,120.4401658,22.547072
5,-1,0.487,268.608138,120.439166,22.54705015
5,-1,0.488,268.3843781,120.4381664,22.5470243
5,-1,0.489,268.1819338,120.4371668,22.54699467
5,-1,0.49,267.9900597,120.4361674,22.54696146
1,-5,0,74.44176656,120.3108136,23.60947838
1,-5,0.001,69.52432863,120.3117599,23.60980065
1,-5,0.002,62.11569742,120.312665,23.61022359
1,-5,0.003,55.81587684,120.313518,23.61074402
1,-5,0.004,48.09336861,120.3143089,23.61135497
1,-5,0.005,43.15477455,120.3150219,23.61205539
1,-5,0.006,36.29733867,120.3156579,23.61282609
1,-5,0.007,28.91756382,120.3162072,23.61366068
1,-5,0.008,23.16105062,120.3166617,23.61455085
1,-5,0.009,17.77512389,120.3170244,23.61548224
1,-5,0.01,12.76000529,120.3172952,23.61644437
1,-5,0.011,7.976395506,120.3174768,23.61742727
1,-5,0.012,2.56327257,120.3175657,23.61842269
1,-5,0.013,358.9543002,120.3175738,23.61942237
1,-5,0.014,352.6722142,120.3174969,23.62041914
1,-5,0.015,348.4953272,120.3173405,23.6214065
1,-5,0.016,344.2261793,120.3171073,23.62237854
1,-5,0.017,339.9990375,120.3167979,23.6233291
1,-5,0.018,335.2663996,120.3164113,23.62425088
1,-5,0.019,331.4731395,120.3159543,23.62514004
1,-5,0.02,325.769961,120.3154266,23.62598877
1,-5,0.021,321.1388899,120.3148385,23.62679711
1,-5,0.022,315.3568917,120.3141728,23.62754273
1,-5,0.023,311.5097558,120.3134485,23.6282316
1,-5,0.024,306.3101489,120.3126657,23.62885303
1,-5,0.025,302.307444,120.3118387,23.62941474
1,-5,0.026,297.3743933,120.3109666,23.62990332
1,-5,0.027,293.0022058,120.3100605,23.63032562
1,-5,0.028,290.0769699,120.3091299,23.63069127
1,-5,0.029,285.2321999,120.3081788,23.63099858
1,-5,0.03,280.4387832,120.3072087,23.63123983
1,-5,0.031,273.8647334,120.3062177,23.63136737
1,-5,0.032,267.8962133,120.3052189,23.63139936
1,-5,0.033,259.3308519,120.304226,23.63129309
1,-5,0.034,251.8424828,120.3032571,23.63104997
1,-5,0.035,244.0966285,120.302327,23.63068544
1,-5,0.036,237.4313457,120.3014454,23.63021466
1,-5,0.037,235.96841,120.3006088,23.62966717
1,-5,0.038,228.7892671,120.2998512,23.62901582
1,-5,0.039,224.0707936,120.299132,23.62832224
1,-5,0.04,218.2313229,120.2984742,23.62756952
1,-5,0.041,214.8600361,120.2978734,23.62677061
1,-5,0.042,213.1290154,120.2973163,23.62594026
1,-5,0.043,211.7706937,120.2967875,23.62509173
1,-5,0.044,208.7233968,120.2962944,23.62422217
1,-5,0.045,206.7112825,120.2958344,23.62333443
1,-5,0.046,204.7039243,120.2954026,23.62243261
1,-5,0.047,201.9388691,120.2950019,23.62151671
1,-5,0.048,198.5290789,120.2946375,23.62058563
1,-5,0.049,192.5918952,120.2943526,23.61962772
1,-5,0.05,174.7312043,120.294265,23.61863821
1,-5,0.051,148.6295285,120.2946137,23.61771467
1,-5,0.052,133.4368266,120.2952576,23.61695293
1,-5,0.053,131.4137027,120.2959926,23.61627516
1,-5,0.054,130.2506795,120.2967488,23.61562085
1,-5,0.055,130.1409226,120.2975125,23.61497529
1,-5,0.056,129.6681878,120.2982793,23.61433337
1,-5,0.057,128.8606575,120.299052,23.61369865
1,-5,0.058,129.5772955,120.2998277,23.61306759
1,-5,0.059,129.0263471,120.3006141,23.61245002
1,-5,0.06,126.4241641,120.3014035,23.61183643
1,-5,0.061,124.8048354,120.3022229,23.61126344
1,-5,0.062,119.5489594,120.3030694,23.61073124
1,-5,0.063,116.7391538,120.3039467,23.61025161
1,-5,0.064,111.9791756,120.3048572,23.60983896
1,-5,0.065,106.8592753,120.3058021,23.60951311
1,-5,0.066,100.6851203,120.3067737,23.6092792
1,-5,0.067,94.26512946,120.3077649,23.6091531
1,-5,0.068,87.92873512,120.3087641,23.60914084
1,-5,0.069,81.51172898,120.3097576,23.6092475
1,-5,0.07,75.23243713,120.3107346,23.60945754
2,-5,0,68.26549725,120.22389,23.60951965
2,-5,0.001,56.6900701,120.2247809,23.60996897
2,-5,0.002,45.58222329,120.2255534,23.61060093
2,-5,0.003,30.81311061,120.2261849,23.61137376
2,-5,0.004,19.79786738,120.2266505,23.61225719
2,-5,0.005,9.667333399,120.2269374,23.61321358
2,-5,0.006,359.9614557,120.2270408,23.61420645
2,-5,0.007,350.0917126,120.2269585,23.61520103
2,-5,0.008,339.8037244,120.2266891,23.61616189
2,-5,0.009,328.630372,120.2262377,23.61705172
2,-5,0.01,318.2171179,120.2256281,23.61784211
2,-5,0.011,306.5353865,120.2248755,23.61849804
2,-5,0.012,294.6543921,120.2240213,23.61901487
2,-5,0.013,284.8487869,120.2230921,23.61938078
2,-5,0.014,275.5951558,120.2221158,23.61959227
2,-5,0.015,266.6002598,120.2211181,23.61964305
2,-5,0.016,257.2189203,120.2201254,23.61953295
2,-5,0.017,246.5502587,120.2191671,23.61925285
2,-5,0.018,239.4508082,120.2182758,23.61880309
2,-5,0.019,226.3220985,120.2175005,23.61817503
2,-5,0.02,211.5821135,120.2168886,23.6173885
2,-5,0.021,196.8619227,120.2164858,23.61647744
2,-5,0.022,183.5831057,120.2163186,23.61549516
2,-5,0.023,171.2995164,120.2163913,23.61450057
2,-5,0.024,159.0633765,120.21669,23.61354834
2,-5,0.025,147.7235312,120.2171813,23.61267869
2,-5,0.026,140.2113149,120.2177965,23.61189093
2,-5,0.027,140.0608207,120.2184386,23.61112427
2,-5,0.028,129.4846404,120.2191209,23.61039439
2,-5,0.029,118.3884483,120.2199357,23.60981828
2,-5,0.03,105.2708939,120.2208502,23.60942055
2,-5,0.031,92.99386118,120.2218295,23.60922979
2,-5,0.032,81.02483085,120.2228269,23.60925188
2,-5,0.033,68.97229233,120.2237972,23.60948395
3,-5,0,77.67500422,120.3582887,23.64489731
3,-5,0.001,71.83944563,120.3592591,23.64513713
3,-5,0.002,69.55824015,120.3602024,23.6454684
3,-5,0.003,63.30176144,120.361111,23.64588511
3,-5,0.004,57.25999435,120.3619737,23.64638994
3,-5,0.005,51.04907653,120.3627861,23.64697208
3,-5,0.006,48.05988693,120.3635444,23.64762343
3,-5,0.007,40.34783024,120.3642363,23.64834466
3,-5,0.008,34.37258318,120.3648455,23.64913681
3,-5,0.009,27.72612309,120.3653744,23.64998467
3,-5,0.01,21.25245054,120.3658056,23.65088624
3,-5,0.011,14.55333297,120.3661264,23.65183254
3,-5,0.012,7.908911,120.3663293,23.65281085
3,-5,0.013,1.293611103,120.3664064,23.65380696
3,-5,0.014,355.2387042,120.3663614,23.65480528
3,-5,0.015,344.2240413,120.3661841,23.65578865
3,-5,0.016,337.2222374,120.3658798,23.65674055
3,-5,0.017,330.0976217,120.3654534,23.65764416
3,-5,0.018,320.5526692,120.3649151,23.6584858
3,-5,0.019,315.6564384,120.3642518,23.65923298
3,-5,0.02,305.5666789,120.3634881,23.65987652
3,-5,0.021,318.1006958,120.362742,23.66053444
3,-5,0.022,12.00696035,120.362599,23.66147036
3,-5,0.023,10.23406825,120.3627936,23.66245115
3,-5,0.024,5.389644656,120.3629305,23.66344156
3,-5,0.025,4.453246003,120.3630184,23.66443767
3,-5,0.026,4.64690055,120.3630968,23.66543459
3,-5,0.027,5.450940546,120.3631846,23.66643072
3,-5,0.028,6.566516407,120.3632914,23.66742497
3,-5,0.029,7.906684305,120.3634186,23.66841683
3,-5,0.03,8.2887275,120.3635586,23.66940698
3,-5,0.031,7.322990518,120.363697,23.67039734
3,-5,0.032,4.809363127,120.3638039,23.67139148
3,-5,0.033,0.451270851,120.3638433,23.67239032
3,-5,0.034,350.4953435,120.3637516,23.67338567
3,-5,0.035,344.0462631,120.3635481,23.67436402
3,-5,0.036,336.8471786,120.3632258,23.67530962
3,-5,0.037,330.7429192,120.3627928,23.67621024
3,-5,0.038,325.3587254,120.3622736,23.67706441
3,-5,0.039,319.8548704,120.3616855,23.67787289
3,-5,0.04,317.5321993,120.3610287,23.6786267
3,-5,0.041,312.2390968,120.3603273,23.67933884
3,-5,0.042,310.3815459,120.3595769,23.67999958
3,-5,0.043,302.1160933,120.3587556,23.68056917
3,-5,0.044,298.0636411,120.3578975,23.68108209
3,-5,0.045,293.1214441,120.3570021,23.68152666
3,-5,0.046,290.3232441,120.3560739,23.68189826
3,-5,0.047,285.9173056,120.3551239,23.68221013
3,-5,0.048,284.0183872,120.3541581,23.68246879
3,-5,0.049,282.9156015,120.3531849,23.6826986
3,-5,0.05,281.537225,120.3522061,23.68290355
3,-5,0.051,280.0136371,120.3512229,23.6830855
3,-5,0.052,278.0074249,120.3502342,23.68323499
3,-5,0.053,273.9631921,120.34924,23.68334255
3,-5,0.054,271.3415469,120.3482417,23.68339759
3,-5,0.055,270.1488974,120.3472418,23.68340379
3,-5,0.056,267.2683002,120.3462422,23.68338535
3,-5,0.057,265.7009112,120.3452438,23.68332894
3,-5,0.058,263.9251003,120.3442475,23.68324348
3,-5,0.059,261.6095644,120.3432549,23.68312255
3,-5,0.06,259.0731449,120.3422682,23.68296092
3,-5,0.061,256.0562476,120.3412911,23.68274897
3,-5,0.062,253.690727,120.3403252,23.68249052
3,-5,0.063,249.9828591,120.3393698,23.68219574
3,-5,0.064,247.6819204,120.3384364,23.6818371
3,-5,0.065,245.5857433,120.3375216,23.68143339
3,-5,0.066,241.7045254,120.3366423,23.68095753
3,-5,0.067,238.7093121,120.3357928,23.68043035
3,-5,0.068,232.9455886,120.3349512,23.67989161
3,-5,0.069,231.089484,120.3341614,23.67927851
3,-5,0.07,222.1696187,120.333429,23.67859909
3,-5,0.071,216.6817423,120.3327912,23.67783044
3,-5,0.072,206.3303502,120.3322844,23.67697071
3,-5,0.073,197.8998953,120.3319269,23.67603834
3,-5,0.074,184.5113191,120.3317703,23.67505367
3,-5,0.075,163.5708193,120.3318722,23.67406186
3,-5,0.076,155.9788872,120.3321382,23.67310043
3,-5,0.077,151.5042862,120.3325473,23.67218905
3,-5,0.078,144.4555833,120.3330708,23.67133794
3,-5,0.079,142.5148838,120.3336473,23.67052112
3,-5,0.08,143.8834034,120.3342569,23.6697286
3,-5,0.081,140.2220736,120.3348658,23.66893581
3,-5,0.082,138.1602857,120.335517,23.66817703
3,-5,0.083,143.8339877,120.3361334,23.66738999
3,-5,0.084,144.0724976,120.336734,23.66659056
3,-5,0.085,145.1957877,120.3373159,23.66577743
3,-5,0.086,147.3660367,120.3378708,23.66494571
3,-5,0.087,149.7005784,120.3383914,23.6640921
3,-5,0.088,153.1642572,120.3388657,23.66321206
3,-5,0.089,156.7216007,120.3392963,23.66230975
3,-5,0.09,160.6232768,120.3396761,23.66138505
3,-5,0.091,164.5719067,120.33998,23.66043266
3,-5,0.092,168.3436441,120.3402164,23.6594613
3,-5,0.093,171.6111473,120.3403876,23.65847629
3,-5,0.094,172.2355797,120.3405283,23.65748625
3,-5,0.095,170.4170035,120.340673,23.6564968
3,-5,0.096,167.0174949,120.3408599,23.65551463
3,-5,0.097,162.9251804,120.3411174,23.65454869
3,-5,0.098,155.4326363,120.3414672,23.65361307
3,-5,0.099,151.5774307,120.3419075,23.65271558
3,-5,0.1,145.9576534,120.3424213,23.65185836
3,-5,0.101,141.0658226,120.3430097,23.6510502
3,-5,0.102,137.8949847,120.3436621,23.65029258
3,-5,0.103,134.0049228,120.3443641,23.64958068
3,-5,0.104,131.4026854,120.3451059,23.64891035
3,-5,0.105,128.8281463,120.3458741,23.64827026
3,-5,0.106,126.4158381,120.346667,23.64766103
3,-5,0.107,122.054653,120.3474838,23.64708426
3,-5,0.108,116.6442132,120.3483484,23.64658342
3,-5,0.109,112.9582618,120.3492588,23.64617007
3,-5,0.11,110.1289484,120.3501913,23.64580917
3,-5,0.111,107.3697537,120.3511382,23.64548822
3,-5,0.112,104.3907929,120.3520999,23.64521468
3,-5,0.113,101.0852903,120.3530746,23.64499201
3,-5,0.114,97.64936978,120.3540601,23.6448233
3,-5,0.115,93.7246518,120.3550539,23.64471581
3,-5,0.116,89.58261374,120.3560532,23.64468599
3,-5,0.117,86.29261416,120.3570521,23.64472728
3,-5,0.118,80.13009209,120.3580434,23.64485322
4,-5,0,346.7728087,120.3140753,23.67134511
4,-5,0.001,246.2870235,120.3134277,23.67186863
4,-5,0.002,146.5990319,120.3130212,23.67116433
4,-5,0.003,58.77354869,120.3139198,23.67122879
5,-3,0,59.79417862,120.1623086,23.52567765
5,-3,0.001,44.69588715,120.1631104,23.52626919
5,-3,0.002,38.373265,120.1637629,23.52702425
5,-3,0.003,26.81817487,120.1642549,23.5278926
5,-3,0.004,7.914460426,120.1645164,23.52884945
5,-3,0.005,272.9955757,120.1635526,23.52905655
5,-3,0.006,266.1029037,120.1625537,23.52902712
5,-3,0.007,258.4348859,120.1615667,23.52887254
5,-3,0.008,245.4982283,120.1606284,23.52853455
5,-3,0.009,225.2322715,120.1598292,23.52794349
5,-3,0.01,196.1358288,120.1593888,23.52705998
5,-3,0.011,135.1490786,120.1595968,23.52610429
5,-3,0.012,114.0712406,120.16038,23.52550781
5,-3,0.013,85.61897494,120.161358,23.52538569
5,-3,0.014,65.3114862,120.1623074,23.52567709
6,-3,0,81.07573176,120.1754756,23.52890831
6,-3,0.001,77.28390177,120.1764575,23.52909589
6,-3,0.002,73.63861186,120.1774251,23.52934769
6,-3,0.003,69.04562514,120.178372,23.52966789
6,-3,0.004,63.74919467,120.1792896,23.53006425
6,-3,0.005,57.85601808,120.180168,23.53054102
6,-3,0.006,53.8782679,120.1809928,23.53110546
6,-3,0.007,45.03416608,120.1817499,23.53175747
6,-3,0.008,40.45113742,120.1824258,23.53249346
6,-3,0.009,32.15644198,120.1830008,23.53331046
6,-3,0.01,23.61480168,120.1834572,23.53419895
6,-3,0.011,15.55743443,120.1837826,23.53514325
6,-3,0.012,7.897138926,120.1839675,23.53612497
6,-3,0.013,358.0783279,120.1840186,23.53712293
6,-3,0.014,352.761171,120.1839501,23.53812004
6,-3,0.015,348.1677799,120.1837872,23.53910624
6,-3,0.016,343.9863448,120.1835439,23.54007583
6,-3,0.017,340.361012,120.1832328,23.54102595
6,-3,0.018,336.2833796,120.1828546,23.54195138
6,-3,0.019,331.2432061,120.1824057,23.5428446
6,-3,0.02,325.403215,120.1818779,23.54369341
6,-3,0.021,318.6779436,120.1812632,23.5444812
6,-3,0.022,311.8799289,120.1805673,23.54519828
6,-3,0.023,304.7000604,120.1797823,23.54581654
6,-3,0.024,297.2850888,120.1789331,23.54634295
6,-3,0.025,294.1408636,120.1780311,23.54677396
6,-3,0.026,289.2409726,120.1770941,23.54712262
6,-3,0.027,285.6639236,120.1761365,23.54741037
6,-3,0.028,283.731679,120.1751681,23.54765953
6,-3,0.029,281.8488676,120.1741908,23.54787116
6,-3,0.03,278.6860602,120.1732056,23.54804133
6,-3,0.031,274.4382163,120.1722112,23.54814424
6,-3,0.032,269.1031083,120.1712117,23.54815878
6,-3,0.033,262.6922114,120.1702167,23.54806528
6,-3,0.034,255.1262622,120.1692417,23.5478459
6,-3,0.035,246.6759633,120.1683067,23.54749419
6,-3,0.036,236.6746582,120.1674386,23.54700068
6,-3,0.037,223.6739248,120.1666675,23.54636722
6,-3,0.038,216.5926526,120.1660221,23.54560569
6,-3,0.039,206.5284491,120.1655255,23.54473938
6,-3,0.04,198.0778451,120.1651719,23.54380508
6,-3,0.041,187.7761166,120.1649513,23.54283047
6,-3,0.042,182.6615781,120.1648467,23.54183641
6,-3,0.043,178.9717068,120.164829,23.54083683
6,-3,0.044,176.2078143,120.1648733,23.53983797
6,-3,0.045,173.9265495,120.1649631,23.53884211
6,-3,0.046,173.3499967,120.1650733,23.53784821
6,-3,0.047,173.6844577,120.1651879,23.5368548
6,-3,0.048,174.7408132,120.1652905,23.5358601
6,-3,0.049,176.3636314,120.1653674,23.53486312
6,-3,0.05,178.3882299,120.1654094,23.53386408
6,-3,0.051,182.2716185,120.1654046,23.5328642
6,-3,0.052,185.1072027,120.165347,23.53186601
6,-3,0.053,188.1773943,120.1652329,23.53087273
6,-3,0.054,189.2672368,120.1650746,23.52988538
6,-3,0.055,99.50734073,120.1654936,23.52917666
6,-3,0.056,95.50544882,120.1664833,23.52903522
6,-3,0.057,94.48979829,120.1674789,23.52894203
6,-3,0.058,94.97246178,120.1684754,23.52885873
6,-3,0.059,93.93400046,120.1694724,23.52878057
6,-3,0.06,92.85078335,120.1704704,23.52871907
6,-3,0.061,91.32177951,120.1714696,23.52868022
6,-3,0.062,89.3571824,120.1724695,23.52867204
6,-3,0.063,86.88660218,120.173469,23.52870253
6,-3,0.064,84.23860491,120.1744659,23.52877843
6,-3,0.065,81.14881695,120.1754576,23.52890552
7,-3,0,82.16609236,120.2360848,23.54863106
7,-3,0.001,73.85250079,120.2370596,23.548848
7,-3,0.002,64.19020261,120.2379916,23.54920589
7,-3,0.003,52.54445424,120.2388514,23.54971234
7,-3,0.004,45.40516724,120.2396021,23.55037009
7,-3,0.005,31.32631088,120.2402293,23.55114607
7,-3,0.006,19.60482519,120.2406753,23.55203812
7,-3,0.007,8.211264796,120.2409006,23.55300977
7,-3,0.008,351.3433649,120.2408876,23.55400318
7,-3,0.009,343.6006856,120.2407209,23.55498822
7,-3,0.01,334.436519,120.2403862,23.55592936
7,-3,0.011,326.728292,120.2399093,23.55680709
7,-3,0.012,321.9730855,120.2393254,23.5576179
7,-3,0.013,303.7165535,120.2386308,23.55833221
7,-3,0.014,312.2865473,120.2378466,23.55894868
7,-3,0.015,306.2684496,120.2370534,23.55955675
7,-3,0.016,308.0476196,120.2362502,23.56015193
7,-3,0.017,304.8338356,120.2354368,23.56073352
7,-3,0.018,306.2567838,120.2346209,23.56131163
7,-3,0.019,307.9160843,120.23382,23.56191029
7,-3,0.02,310.4441552,120.233047,23.56254447
7,-3,0.021,324.0758718,120.2323953,23.56329728
7,-3,0.022,322.2401383,120.231755,23.5640644
7,-3,0.023,331.8245151,120.231184,23.56488367
7,-3,0.024,328.9876234,120.2307272,23.56577288
7,-3,0.025,328.1159738,120.2302051,23.56662575
7,-3,0.026,345.0558181,120.2299301,23.56758516
7,-3,0.027,347.4799413,120.2296833,23.56855415
7,-3,0.028,348.6105089,120.2294752,23.56953222
7,-3,0.029,347.7740633,120.2292737,23.5705117
7,-3,0.03,344.6050097,120.2290361,23.57148284
7,-3,0.031,338.665554,120.22871,23.57242747
7,-3,0.032,328.0723305,120.2282479,23.57331249
7,-3,0.033,312.8867195,120.2276141,23.57408072
7,-3,0.034,300.1975278,120.2268347,23.5747046
7,-3,0.035,293.1665485,120.2259414,23.57515108
7,-3,0.036,285.5897529,120.2249927,23.57546437
7,-3,0.037,279.9674805,120.2240217,23.57569869
7,-3,0.038,275.983373,120.2230302,23.57582693
7,-3,0.039,273.6684935,120.2220332,23.57590359
7,-3,0.04,272.1091506,120.2210342,23.57594811
7,-3,0.041,271.5075044,120.2200347,23.57597708
7,-3,0.042,271.391455,120.2190357,23.57601863
7,-3,0.043,271.5278818,120.218036,23.5760442
7,-3,0.044,271.4642135,120.2170364,23.5760705
7,-3,0.045,269.9326845,120.2160366,23.57609353
7,-3,0.046,267.4100101,120.2150368,23.57608178
7,-3,0.047,262.4899435,120.2140395,23.57601238
7,-3,0.048,254.57245,120.2130544,23.57584432
7,-3,0.049,239.3778372,120.2121122,23.57551569
7,-3,0.05,224.736929,120.2113146,23.57492376
7,-3,0.051,193.3391333,120.2108239,23.57407037
7,-3,0.052,168.8590823,120.2108079,23.57308308
7,-3,0.053,152.4608933,120.2111642,23.57215411
7,-3,0.054,135.0583449,120.2117759,23.57136569
7,-3,0.055,130.0897841,120.21251,23.57068791
7,-3,0.056,127.2244178,120.2132952,23.57006897
7,-3,0.057,128.2263827,120.2140878,23.56945938
7,-3,0.058,131.99644,120.2148581,23.56882203
7,-3,0.059,135.1025179,120.215589,23.56814006
7,-3,0.06,148.5765667,120.2162597,23.56740152
7,-3,0.061,150.9869336,120.2168238,23.56657726
7,-3,0.062,145.863735,120.2173467,23.56572596
7,-3,0.063,148.702981,120.2178564,23.56486586
7,-3,0.064,150.3658116,120.2183561,23.56399974
7,-3,0.065,151.4446939,120.2188381,23.56312363
7,-3,0.066,152.0850492,120.2193078,23.56224082
7,-3,0.067,157.9856756,120.2197424,23.56134143
7,-3,0.068,152.2227651,120.2202423,23.56047944
7,-3,0.069,179.0365498,120.2204509,23.55951582
7,-3,0.07,153.2738459,120.2207574,23.55857537
7,-3,0.071,151.9298828,120.2212162,23.55768691
7,-3,0.072,149.4767002,120.2217039,23.55681405
7,-3,0.073,155.0196167,120.2221843,23.55593828
7,-3,0.074,145.0061304,120.2227483,23.55511621
7,-3,0.075,141.5410807,120.2233429,23.55431241
7,-3,0.076,136.757415,120.2240021,23.55356152
7,-3,0.077,134.8212008,120.2246921,23.55283792
7,-3,0.078,129.869447,120.2254085,23.55214064
7,-3,0.079,85.16024094,120.2262385,23.55168594
7,-3,0.08,124.3963288,120.2271063,23.55128102
7,-3,0.081,121.5378224,120.2279392,23.55072785
7,-3,0.082,118.1250031,120.2288059,23.55022955
7,-3,0.083,114.290891,120.2297026,23.54978782
7,-3,0.084,110.2509347,120.2306258,23.54940432
7,-3,0.085,107.120909,120.2315722,23.54908176
7,-3,0.086,103.4842077,120.2325392,23.54882775
7,-3,0.087,97.41403884,120.2335213,23.54864353
7,-3,0.088,91.91435371,120.234517,23.54855645
7,-3,0.089,85.67839898,120.2355162,23.54857055
8,-3,0,86.11649483,120.3287662,23.5874346
8,-3,0.001,84.60159068,120.3297648,23.58746677
8,-3,0.002,83.51419714,120.3307596,23.58756802
8,-3,0.003,82.59759498,120.3317524,23.58768755
8,-3,0.004,82.5864911,120.3327431,23.58782344
8,-3,0.005,89.65924737,120.3337351,23.58793816
8,-3,0.006,78.83917982,120.3347163,23.58809965
8,-3,0.007,81.02261094,120.3357009,23.58827386
8,-3,0.008,78.26062642,120.336687,23.58843912
8,-3,0.009,81.05574509,120.3376726,23.58860623
8,-3,0.01,81.98746883,120.3386618,23.5887529
8,-3,0.011,82.71231426,120.3396556,23.58886088
8,-3,0.012,82.79868178,120.3406488,23.58897683
8,-3,0.013,84.60598151,120.3416431,23.58908304
8,-3,0.014,85.71881103,120.3426395,23.589167
8,-3,0.015,86.89739821,120.3436375,23.58923054
8,-3,0.016,88.10042753,120.3446366,23.5892729
8,-3,0.017,89.24115036,120.3456363,23.58929449
8,-3,0.018,91.16359851,120.3466362,23.58929074
8,-3,0.019,91.13217007,120.3476361,23.5892747
8,-3,0.02,91.69176068,120.3486357,23.58924846
8,-3,0.021,91.91395889,120.3496352,23.58921579
8,-3,0.022,91.62919309,120.3506346,23.58918284
8,-3,0.023,90.10929006,120.3516345,23.5891699
8,-3,0.024,88.82120512,120.3526344,23.58917298
8,-3,0.025,84.29635632,120.3536327,23.58922814
8,-3,0.026,83.50448454,120.3546257,23.589345
8,-3,0.027,74.06768553,120.3556079,23.58952343
8,-3,0.028,71.47515656,120.3565627,23.58981983
8,-3,0.029,66.50917831,120.3574884,23.59019729
8,-3,0.03,60.4130613,120.3583755,23.59065786
8,-3,0.031,54.61054772,120.3592187,23.59119494
8,-3,0.032,50.84757598,120.360019,23.591794
8,-3,0.033,48.65142009,120.3607809,23.59244149
8,-3,0.034,45.85526551,120.3615068,23.59312905
8,-3,0.035,43.9002313,120.3622099,23.59383994
8,-3,0.036,41.19177734,120.3628823,23.59457992
8,-3,0.037,39.87260658,120.36354,23.59533312
8,-3,0.038,37.69219094,120.3641665,23.59611236
8,-3,0.039,37.66153802,120.3647772,23.59690404
8,-3,0.04,40.491603,120.3653948,23.59769037
8,-3,0.041,37.58393583,120.3660184,23.59847163
8,-3,0.042,37.25338774,120.3666262,23.59926574
8,-3,0.043,37.27471886,120.367232,23.60006135
8,-3,0.044,62.52274852,120.3678707,23.60081959
8,-3,0.045,39.68891189,120.3686209,23.60145084
8,-3,0.046,40.81493203,120.3692546,23.60222445
8,-3,0.047,37.45431066,120.369896,23.60299114
8,-3,0.048,42.22723025,120.3705343,23.60375978
8,-3,0.049,44.14476408,120.3712292,23.6044787
8,-3,0.05,44.94586887,120.37193,23.60519206
8,-3,0.051,46.12441951,120.3726458,23.60589037
8,-3,0.052,47.64546132,120.3733785,23.60657082
8,-3,0.053,51.28578346,120.3741267,23.60723431
8,-3,0.054,47.88587185,120.3743856,23.60801927
8,-3,0.055,50.26854065,120.3751401,23.60867541
8,-3,0.056,48.64299031,120.3759167,23.60930537
8,-3,0.057,52.25208222,120.3766785,23.60995267
8,-3,0.058,52.88049479,120.3774725,23.61056047
8,-3,0.059,54.08551153,120.378278,23.61115309
8,-3,0.06,54.3422759,120.3790918,23.61173423
8,-3,0.061,55.52667063,120.3799104,23.6123084
8,-3,0.062,57.30024569,120.3807463,23.61285723
8,-3,0.063,53.56821872,120.3815766,23.61341399
8,-3,0.064,57.44663199,120.3824051,23.61397283
8,-3,0.065,56.98844568,120.3832486,23.6145097
8,-3,0.066,49.40358362,120.3840761,23.61506694
8,-3,0.067,53.64403139,120.3848743,23.61565649
8,-3,0.068,58.28817629,120.3856408,23.61629078
8,-3,0.069,63.70960903,120.3864838,23.61682039
8,-3,0.07,57.37745572,120.3873178,23.61736409
8,-3,0.071,51.17122151,120.388135,23.61793885
8,-3,0.072,18.7167161,120.3887702,23.61866621
8,-3,0.073,47.45955438,120.3894548,23.61936545
8,-3,0.074,49.0336949,120.3902051,23.62002626
8,-3,0.075,42.32818261,120.3908946,23.62075017
8,-3,0.076,40.75369357,120.391557,23.62149919
8,-3,0.077,37.57709872,120.3921799,23.62228133
8,-3,0.078,35.3235863,120.3927759,23.62308425
8,-3,0.079,33.11660813,120.3933419,23.62390852
8,-3,0.08,34.1306804,120.3938803,23.6247512
8,-3,0.081,34.94074366,120.3944465,23.62557537
8,-3,0.082,27.81779206,120.3949276,23.62645155
8,-3,0.083,28.22387936,120.3949563,23.627346
8,-3,0.084,17.69544461,120.3953365,23.62826834
8,-3,0.085,23.2508618,120.3956535,23.62921469
8,-3,0.086,13.93992534,120.3959842,23.63015792
8,-3,0.087,5.626607928,120.3961857,23.63113635
8,-3,0.088,358.6702868,120.3962298,23.63213437
8,-3,0.089,358.3421491,120.3961967,23.63313379
8,-3,0.09,3.180652388,120.3962215,23.63413304
8,-3,0.091,14.21886122,120.3963971,23.6351151
8,-3,0.092,18.6575682,120.3966706,23.63607672
8,-3,0.093,18.25891942,120.3969936,23.6370231
8,-3,0.094,16.22763504,120.397323,23.63796687
8,-3,0.095,8.892740849,120.3976079,23.6389228
8,-3,0.096,7.668825268,120.3977565,23.63991166
8,-3,0.097,5.951089627,120.397871,23.64090502
8,-3,0.098,5.246469426,120.3979663,23.64190046
8,-3,0.099,5.861254816,120.3980576,23.64289628
8,-3,0.1,5.577037133,120.3981565,23.64389138
8,-3,0.101,6.135186914,120.3982585,23.64488616
8,-3,0.102,6.853794039,120.3983727,23.6458796
8,-3,0.103,8.142089537,120.3984992,23.64687155
8,-3,0.104,9.27343217,120.3986472,23.64786052
8,-3,0.105,10.58570331,120.3988173,23.64884591
8,-3,0.106,11.42483833,120.3990683,23.64981165
8,-3,0.107,13.03896762,120.3992813,23.65078863
8,-3,0.108,14.62239021,120.399524,23.6517587
8,-3,0.109,18.44936685,120.3998131,23.65271564
8,-3,0.11,20.35558761,120.4001298,23.65366409
8,-3,0.111,22.78840926,120.4004881,23.65459761
8,-3,0.112,24.74156246,120.4008872,23.65551448
8,-3,0.113,27.46499905,120.4013185,23.65641654
8,-3,0.114,27.05878575,120.4018204,23.65728005
8,-3,0.115,29.66370019,120.4022958,23.65815951
8,-3,0.116,28.13150831,120.4027964,23.65902515
8,-3,0.117,32.00709867,120.4033172,23.65987838
8,-3,0.118,31.59186031,120.4038472,23.66072637
8,-3,0.119,32.35958698,120.4043614,23.66158386
8,-3,0.12,32.9294794,120.4048659,23.66244633
8,-3,0.121,32.43831702,120.4053779,23.66330463
8,-3,0.122,30.16534786,120.4059431,23.66412859
8,-3,0.123,31.6374253,120.4064564,23.66498673
8,-3,0.124,28.95731579,120.406958,23.66585152
8,-3,0.125,32.18964054,120.4074686,23.66671085
8,-3,0.126,30.25556916,120.4079826,23.66756851
8,-3,0.127,29.61137676,120.4084358,23.66845855
8,-3,0.128,29.12284237,120.4089255,23.66933042
8,-3,0.129,28.06744379,120.4094027,23.67020921
8,-3,0.13,25.75157811,120.4098526,23.67110209
8,-3,0.131,27.83684575,120.4103012,23.67199559
8,-3,0.132,13.80434284,120.4107198,23.6728965
8,-3,0.133,39.93161365,120.4111838,23.67376777
8,-3,0.134,21.30191959,120.4116596,23.67463739
8,-3,0.135,24.07064939,120.4120528,23.67555659
8,-3,0.136,23.3421885,120.412455,23.67647212
8,-3,0.137,22.76219945,120.412847,23.67739207
8,-3,0.138,22.21226117,120.4132294,23.67831608
8,-3,0.139,28.02302335,120.4136317,23.67923038
8,-3,0.14,20.97592094,120.4140163,23.68015203
8,-3,0.141,14.72074972,120.4143288,23.68110095
8,-3,0.142,18.64680699,120.4146769,23.68203639
8,-3,0.143,20.71878172,120.4149996,23.6829827
8,-3,0.144,25.08854289,120.4153835,23.68390524
8,-3,0.145,27.31922765,120.4157862,23.68481857
8,-3,0.146,23.61642452,120.4160834,23.68577189
8,-3,0.147,18.76407902,120.416464,23.68669633
8,-3,0.148,18.17819686,120.4167832,23.68764402
8,-3,0.149,16.5714746,120.4171144,23.68858713
8,-3,0.15,15.91124862,120.417396,23.68954666
8,-3,0.151,15.35074829,120.4176548,23.69051252
8,-3,0.152,14.8863529,120.4179141,23.6914783
8,-3,0.153,14.77814198,120.4181643,23.69244646
8,-3,0.154,14.48180723,120.4184145,23.69341466
8,-3,0.155,14.58972552,120.4186638,23.69438308
8,-3,0.156,14.92531124,120.4189174,23.69535041
8,-3,0.157,16.32191348,120.4191812,23.69631493
8,-3,0.158,15.87782,120.4194699,23.69727227
8,-3,0.159,17.78207997,120.4197647,23.69822775
8,-3,0.16,18.48571231,120.4200449,23.69918712
8,-3,0.161,19.16005975,120.4203684,23.70013335
8,-3,0.162,18.09848906,120.4206901,23.70108012
8,-3,0.163,17.5385261,120.4209905,23.70203388
8,-3,0.164,17.20303733,120.4212975,23.70298557
8,-3,0.165,16.27354252,120.4215881,23.70394239
8,-3,0.166,14.89590283,120.4218586,23.70490508
8,-3,0.167,13.53886159,120.422105,23.7058742
8,-3,0.168,11.82268562,120.4223159,23.70685162
8,-3,0.169,11.1141137,120.4225216,23.70783017
8,-3,0.17,6.988389791,120.4227166,23.70881097
8,-3,0.171,6.290239361,120.4228038,23.70980651
8,-3,0.172,5.101995809,120.4229087,23.71080096
8,-3,0.173,2.978566857,120.4229719,23.71179884
8,-3,0.174,6.219523612,120.4230331,23.71279625
8,-3,0.175,358.2805006,120.4230265,23.71379564
8,-3,0.176,356.5283299,120.422976,23.71479421
8,-3,0.177,354.222509,120.422901,23.71579128
8,-3,0.178,349.2542676,120.4227643,23.7167813
8,-3,0.179,347.5315873,120.4225611,23.71776038
8,-3,0.18,339.8117877,120.4222502,23.71871001
8,-3,0.181,333.965448,120.421828,23.71961619
8,-3,0.182,328.6278331,120.4213337,23.72048486
8,-3,0.183,320.2560281,120.4207418,23.72128868
8,-3,0.184,298.8874298,120.4199517,23.72189105
8,-3,0.185,289.4008927,120.4190155,23.7222401
8,-3,0.186,285.1544633,120.4180651,23.7225502
8,-3,0.187,289.7095434,120.4171147,23.72285887
8,-3,0.188,290.7968501,120.4161783,23.72320952
8,-3,0.189,292.4453773,120.4152537,23.72359036
8,-3,0.19,292.3999384,120.4143307,23.72397477
8,-3,0.191,288.6507202,120.4133749,23.72426565
8,-3,0.192,276.544944,120.4123915,23.72443654
8,-3,0.193,264.1029091,120.4113944,23.72439738
8,-3,0.194,253.4103725,120.4104248,23.72415788
8,-3,0.195,253.089788,120.4094679,23.72386819
8,-3,0.196,257.981621,120.4085079,23.72359236
8,-3,0.197,262.9856736,120.4075213,23.72343245
8,-3,0.198,272.7528159,120.4065227,23.72343135
8,-3,0.199,281.4943723,120.4055335,23.72356747
8,-3,0.2,295.5874822,120.4045964,23.72390627
8,-3,0.201,313.9637179,120.403789,23.72448764
8,-3,0.202,334.4112165,120.4032319,23.72530914
8,-3,0.203,356.436683,120.4030294,23.72627959
8,-3,0.204,28.9988308,120.4032431,23.72724947
8,-3,0.205,43.30999422,120.4038317,23.72804901
8,-3,0.206,69.84470649,120.4046798,23.72855903
8,-3,0.207,86.90135413,120.4056562,23.72874949
8,-3,0.208,98.23168828,120.4066524,23.72869915
8,-3,0.209,107.4850497,120.4076235,23.72846745
8,-3,0.21,113.8542355,120.4085658,23.72813402
8,-3,0.211,110.1936027,120.4094861,23.72774334
8,-3,0.212,104.7610293,120.4104133,23.72737289
8,-3,0.213,90.15122987,120.4113923,23.72718503
8,-3,0.214,71.71665232,120.4123771,23.72731516
8,-3,0.215,55.65218002,120.413283,23.72772832
8,-3,0.216,68.34237245,120.414167,23.7281953
8,-3,0.217,63.47338083,120.4150756,23.7286121
8,-3,0.218,55.28092502,120.4159554,23.72908008
8,-3,0.219,49.47732794,120.4167717,23.72965314
8,-3,0.22,45.87168382,120.4175118,23.7303248
8,-3,0.221,35.87687897,120.4181828,23.7310651
8,-3,0.222,22.32348582,120.4187075,23.73191343
8,-3,0.223,4.539530576,120.4189727,23.73287159
8,-3,0.224,353.6913664,120.4189511,23.73386876
8,-3,0.225,345.5598921,120.4187758,23.73485171
8,-3,0.226,329.2515347,120.4183612,23.73575663
8,-3,0.227,316.9868844,120.4177389,23.73653607
8,-3,0.228,305.209906,120.4169834,23.73718835
8,-3,0.229,295.1346699,120.4161363,23.73771723
8,-3,0.23,290.7251688,120.4152164,23.73810741
8,-3,0.231,285.3666795,120.4142588,23.73839475
8,-3,0.232,283.5098815,120.4132888,23.73863766
8,-3,0.233,284.6490537,120.4123191,23.7388817
8,-3,0.234,286.8320234,120.4113586,23.73915981
8,-3,0.235,289.5350179,120.4104141,23.73948766
8,-3,0.236,292.6712677,120.4094834,23.73985301
8,-3,0.237,291.862897,120.4085564,23.74022803
8,-3,0.238,288.7281757,120.4076196,23.74057741
8,-3,0.239,284.1925371,120.4066627,23.74086637
8,-3,0.24,277.6942965,120.4056838,23.74106722
8,-3,0.241,269.884821,120.4046879,23.74114377
8,-3,0.242,263.3701751,120.4036903,23.74108688
8,-3,0.243,271.8562406,120.4026955,23.74100473
8,-3,0.244,314.4196557,120.4017933,23.74135915
8,-3,0.245,323.7007939,120.4011463,23.74211702
8,-3,0.246,329.4333189,120.4006211,23.74296764
8,-3,0.247,331.5012737,120.4001333,23.74384047
8,-3,0.248,332.6191023,120.3996699,23.74472654
8,-3,0.249,331.9723586,120.3992162,23.74561755
8,-3,0.25,337.1161876,120.3988043,23.74652834
8,-3,0.251,337.3319287,120.3984227,23.74745259
8,-3,0.252,339.2815695,120.3980603,23.74838458
8,-3,0.253,339.8418486,120.3977139,23.74932265
8,-3,0.254,337.3912087,120.3973641,23.75025899
8,-3,0.255,327.5145129,120.3969639,23.75117501
8,-3,0.256,329.8001952,120.3964197,23.7520136
8,-3,0.257,325.6994667,120.3958875,23.75285969
8,-3,0.258,323.2733266,120.3953037,23.75367147
8,-3,0.259,322.9621784,120.3946981,23.75446722
8,-3,0.26,320.6190929,120.3940807,23.75525372
8,-3,0.261,319.9688108,120.3934425,23.7560236
8,-3,0.262,319.4230661,120.3927937,23.75678457
8,-3,0.263,317.6527656,120.392132,23.75753423
8,-3,0.264,317.0397399,120.3914637,23.75827805
8,-3,0.265,316.0065666,120.390774,23.75900215
8,-3,0.266,314.3110763,120.3900697,23.759712
8,-3,0.267,312.6635952,120.3893429,23.76039877
8,-3,0.268,310.8353119,120.3885983,23.7610662
8,-3,0.269,308.9568294,120.3878302,23.76170647
8,-3,0.27,306.6555304,120.3870418,23.76232148
8,-3,0.271,302.6683685,120.3862281,23.76290252
8,-3,0.272,302.2160785,120.3853791,23.76343075
8,-3,0.273,299.9882013,120.3844927,23.76388908
8,-3,0.274,294.0177218,120.3836081,23.76435365
8,-3,0.275,295.661089,120.3826965,23.76476429
8,-3,0.276,292.747229,120.3817795,23.76516305
8,-3,0.277,290.2471309,120.380847,23.76552405
8,-3,0.278,287.6798628,120.3798999,23.76584455
8,-3,0.279,285.2912902,120.3789401,23.766125
8,-3,0.28,283.0779642,120.3779665,23.76635257
8,-3,0.281,281.2448861,120.3769885,23.76656094
8,-3,0.282,279.2052975,120.376004,23.76673558
8,-3,0.283,277.9971075,120.3750149,23.76688231
8,-3,0.284,276.9230424,120.3740229,23.76700884
8,-3,0.285,275.6423462,120.3730264,23.76708744
8,-3,0.286,274.8687082,120.3720305,23.76717746
8,-3,0.287,274.4285573,120.3710337,23.76725742
8,-3,0.288,273.6108377,120.3700362,23.76732793
8,-3,0.289,274.2392159,120.3690388,23.76739969
8,-3,0.29,274.6787698,120.3680419,23.76747835
8,-3,0.291,275.9434684,120.3670463,23.767572
8,-3,0.292,276.2754748,120.3660518,23.7676768
8,-3,0.293,281.7054737,120.3650639,23.76782282
8,-3,0.294,279.2931285,120.3640745,23.76796522
8,-3,0.295,277.7995317,120.363084,23.76810285
8,-3,0.296,276.0031179,120.3620908,23.76821921
8,-3,0.297,272.9869916,120.3610929,23.76828262
8,-3,0.298,260.3719256,120.3600951,23.76822687
8,-3,0.299,258.2727576,120.3591108,23.7680506
8,-3,0.3,256.9716209,120.3581344,23.767835
8,-3,0.301,258.2213447,120.3571597,23.76761149
8,-3,0.302,263.499423,120.3561765,23.7674307
8,-3,0.303,270.6150086,120.3551803,23.76735094
8,-3,0.304,277.5077111,120.3541819,23.76739692
8,-3,0.305,282.0637113,120.3531945,23.76755301
8,-3,0.306,283.693269,120.3522184,23.76776998
8,-3,0.307,284.0744631,120.3512476,23.76800979
8,-3,0.308,282.8752341,120.3502758,23.76824554
8,-3,0.309,281.4164968,120.3492996,23.76846245
8,-3,0.31,279.4202886,120.3483176,23.76865092
8,-3,0.311,276.6219467,120.3473295,23.76880433
8,-3,0.312,275.0472115,120.3463362,23.76891978
8,-3,0.313,272.8710395,120.3453392,23.76899659
8,-3,0.314,270.6215212,120.34434,23.76903459
8,-3,0.315,268.0902803,120.34334,23.76903372
8,-3,0.316,266.743802,120.3423408,23.76899449
8,-3,0.317,264.8836887,120.3413433,23.76892544
8,-3,0.318,265.1655215,120.3403479,23.76882948
8,-3,0.319,261.6967286,120.339355,23.76871301
8,-3,0.32,260.0098271,120.3383671,23.76855834
8,-3,0.321,258.8823738,120.3373835,23.76837823
8,-3,0.322,258.0820971,120.3364033,23.76818002
8,-3,0.323,257.0334368,120.3354265,23.7679662
8,-3,0.324,256.5421258,120.3344528,23.76773822
8,-3,0.325,255.6946894,120.3334815,23.76750079
8,-3,0.326,255.6050084,120.3325127,23.7672529
8,-3,0.327,254.7546246,120.3315461,23.76699648
8,-3,0.328,255.1697267,120.3305809,23.76673501
8,-3,0.329,254.0448408,120.3296182,23.7664645
8,-3,0.33,252.0720696,120.3286579,23.76618594
8,-3,0.331,250.3537608,120.3277089,23.76587075
8,-3,0.332,244.3627536,120.3267916,23.76547525
8,-3,0.333,224.481262,120.326011,23.76486193
8,-3,0.334,203.2797509,120.3255292,23.76399112
8,-3,0.335,188.8565416,120.3253121,23.76301732
8,-3,0.336,183.1412103,120.3252135,23.76202268
8,-3,0.337,182.7316746,120.3251564,23.76102433
8,-3,0.338,181.3884036,120.3251113,23.76002545
8,-3,0.339,180.238586,120.3251005,23.75902553
8,-3,0.34,179.2014262,120.3250982,23.7580256
8,-3,0.341,178.7497765,120.3251154,23.75702575
8,-3,0.342,178.5957477,120.3251386,23.75602602
8,-3,0.343,178.9653867,120.3251606,23.75502627
8,-3,0.344,197.5033458,120.3250382,23.75404665
8,-3,0.345,181.5627712,120.3250295,23.75304848
8,-3,0.346,182.8133368,120.3249917,23.75204923
8,-3,0.347,190.9976202,120.3248911,23.75105582
8,-3,0.348,185.253495,120.3247526,23.7500662
8,-3,0.349,198.7359607,120.324556,23.74909194
8,-3,0.35,200.083401,120.3242309,23.74814644
8,-3,0.351,204.5449865,120.3238191,23.74723546
8,-3,0.352,210.9837751,120.3233358,23.74636043
8,-3,0.353,217.3006218,120.322758,23.74554491
8,-3,0.354,220.249988,120.3221337,23.74476393
8,-3,0.355,222.8243309,120.3214606,23.74402493
8,-3,0.356,223.8935094,120.3207734,23.74329858
8,-3,0.357,226.7902415,120.3200683,23.7425896
8,-3,0.358,226.6389438,120.3193431,23.74190122
8,-3,0.359,224.0812133,120.3186068,23.74122522
8,-3,0.36,229.3805844,120.3178778,23.74054304
8,-3,0.361,229.5269732,120.3171243,23.73988566
8,-3,0.362,228.9927508,120.3163697,23.73922952
8,-3,0.363,228.1471358,120.3156178,23.73857032
8,-3,0.364,229.8773005,120.3148648,23.73791251
8,-3,0.365,229.3188111,120.3141011,23.7372669
8,-3,0.366,229.4915913,120.3133363,23.73662271
8,-3,0.367,227.6314393,120.3125972,23.73594929
8,-3,0.368,229.9408732,120.3118333,23.7353041
8,-3,0.369,229.4474257,120.3110693,23.73465891
8,-3,0.37,229.0024663,120.31031,23.73400821
8,-3,0.371,227.7460151,120.3095591,23.73334783
8,-3,0.372,224.2921421,120.3088433,23.73265
8,-3,0.373,224.7333525,120.3081342,23.73194498
8,-3,0.374,222.5784074,120.3074438,23.73122165
8,-3,0.375,219.8586553,120.3067826,23.73047153
8,-3,0.376,216.9480578,120.306165,23.72968517
8,-3,0.377,212.9010885,120.3055948,23.72886406
8,-3,0.378,208.3698933,120.3050826,23.72800563
8,-3,0.379,204.0458811,120.3046363,23.72711108
8,-3,0.38,200.4553194,120.3042555,23.72618673
8,-3,0.381,198.2904225,120.3039273,23.72524222
8,-3,0.382,198.0567549,120.3036169,23.72429166
8,-3,0.383,201.6395166,120.3032756,23.72335198
8,-3,0.384,206.3772054,120.3028623,23.72244186
8,-3,0.385,208.7701062,120.3023957,23.72155749
8,-3,0.386,209.9036562,120.3019028,23.72068743
8,-3,0.387,211.693939,120.3014032,23.71982133
8,-3,0.388,211.3155619,120.3008884,23.71896406
8,-3,0.389,212.6587226,120.3003394,23.71812866
8,-3,0.39,213.3705588,120.2998125,23.71727891
8,-3,0.391,214.1145316,120.2992567,23.71644757
8,-3,0.392,215.5167169,120.2986839,23.71562792
8,-3,0.393,214.8911294,120.2981124,23.71480735
8,-3,0.394,218.9629258,120.2974989,23.71401778
8,-3,0.395,221.9770524,120.2968479,23.71325907
8,-3,0.396,221.8905446,120.296187,23.7125087
8,-3,0.397,222.9257423,120.2955004,23.71178173
8,-3,0.398,225.6270271,120.2948015,23.7110669
8,-3,0.399,228.1741642,120.2940665,23.71038889
8,-3,0.4,229.3319278,120.2933145,23.70972988
8,-3,0.401,230.4624532,120.2925445,23.70909191
8,-3,0.402,232.5710296,120.2917595,23.7084726
8,-3,0.403,234.6458039,120.2909505,23.70788485
8,-3,0.404,236.1793578,120.2901278,23.70731642
8,-3,0.405,237.7562477,120.2892926,23.70676652
8,-3,0.406,238.99313,120.2884419,23.70624108
8,-3,0.407,239.8023419,120.2875808,23.70573264
8,-3,0.408,241.0428104,120.2867117,23.70523809
8,-3,0.409,240.809388,120.2858419,23.70474473
8,-3,0.41,242.7132508,120.2849583,23.70427659
8,-3,0.411,243.7446428,120.2840643,23.70382858
8,-3,0.412,245.0290894,120.2831619,23.70339789
8,-3,0.413,246.2430538,120.2822511,23.70298497
8,-3,0.414,246.0917138,120.2813377,23.7025781
8,-3,0.415,250.1035169,120.2804152,23.70219268
8,-3,0.416,250.4693075,120.2794758,23.70184984
8,-3,0.417,251.9688073,120.2785323,23.70151855
8,-3,0.418,253.0182939,120.2775784,23.70121842
8,-3,0.419,254.4654145,120.2766155,23.70094884
8,-3,0.42,256.3642158,120.275646,23.70070405
8,-3,0.421,258.0915561,120.2746693,23.70048947
8,-3,0.422,259.7539593,120.2736864,23.70030547
8,-3,0.423,264.2901535,120.2726957,23.70017313
8,-3,0.424,257.0302629,120.2717095,23.70002855
8,-3,0.425,264.8135013,120.2707152,23.69992292
8,-3,0.426,265.6837834,120.269719,23.69983664
8,-3,0.427,266.3454649,120.2687216,23.69976475
8,-3,0.428,262.5362231,120.2677239,23.69975939
8,-3,0.429,266.944604,120.2667285,23.69967121
8,-3,0.43,268.1244517,120.2657298,23.69962049
8,-3,0.431,267.9024905,120.2647307,23.69957816
8,-3,0.432,266.7645677,120.2637319,23.69953036
8,-3,0.433,266.4800094,120.2627338,23.6994689
8,-3,0.434,266.6059934,120.2617392,23.69937165
8,-3,0.435,265.8170408,120.2607414,23.69930673
8,-3,0.436,264.8094843,120.2597446,23.6992264
8,-3,0.437,263.4918676,120.2587497,23.69912601
8,-3,0.438,261.4146205,120.2577584,23.69899517
8,-3,0.439,259.4082058,120.2567722,23.69883003
8,-3,0.44,256.6555906,120.2557936,23.69862512
8,-3,0.441,254.0707036,120.2548276,23.69836722
8,-3,0.442,249.4741142,120.2538764,23.69805989
8,-3,0.443,243.9196742,120.2529541,23.69767474
8,-3,0.444,236.8857998,120.2520728,23.69720332
8,-3,0.445,231.9544255,120.2512541,23.69663032
8,-3,0.446,224.3231811,120.2505145,23.69595869
8,-3,0.447,215.6756163,120.2498799,23.69518726
8,-3,0.448,207.2702018,120.2493533,23.69433861
8,-3,0.449,200.2293943,120.2489449,23.69342687
8,-3,0.45,194.3285079,120.2486497,23.69247222
8,-3,0.451,188.8209587,120.2484548,23.691492
8,-3,0.452,183.903142,120.2483562,23.69049731
8,-3,0.453,177.7635824,120.2483457,23.68949765
8,-3,0.454,174.1163237,120.2484108,23.68850004
8,-3,0.455,172.1012426,120.2485309,23.68750736
8,-3,0.456,173.1118646,120.2486639,23.68651629
8,-3,0.457,176.4604109,120.2487504,23.68552028
8,-3,0.458,187.1928637,120.2487223,23.68452163
8,-3,0.459,202.4186647,120.2485049,23.68354965
8,-3,0.46,220.2384111,120.2480284,23.68267616
8,-3,0.461,233.3911812,120.2472938,23.68200648
8,-3,0.462,255.3860586,120.2463626,23.68165616
8,-3,0.463,272.8732226,120.2453672,23.68161783
8,-3,0.464,287.5688299,120.244401,23.68186303
8,-3,0.465,306.2604256,120.2435273,23.68234266
8,-3,0.466,313.7862811,120.2427719,23.68299648
8,-3,0.467,314.9749872,120.2420626,23.68370109
8,-3,0.468,306.3353128,120.2413162,23.68436534
8,-3,0.469,299.5813023,120.2404758,23.68490453
8,-3,0.47,288.94601,120.2395535,23.68528706
8,-3,0.471,280.2046121,120.2385833,23.68552378
8,-3,0.472,273.0180876,120.2375891,23.68562307
8,-3,0.473,266.8070485,120.2365899,23.6856067
8,-3,0.474,261.2403231,120.2355974,23.68548836
8,-3,0.475,255.8587019,120.2346204,23.68527731
8,-3,0.476,251.089086,120.2336648,23.68498404
8,-3,0.477,246.3904262,120.2327352,23.68461676
8,-3,0.478,241.5474389,120.231838,23.68417598
8,-3,0.479,236.9510215,120.2309771,23.68366781
8,-3,0.48,232.1929465,120.23016,23.68309184
8,-3,0.481,227.6571299,120.229396,23.68244719
8,-3,0.482,220.7707001,120.228686,23.68174375
8,-3,0.483,218.2806956,120.2280262,23.68099328
8,-3,0.484,211.334949,120.2274655,23.68016624
8,-3,0.485,204.2480528,120.2270092,23.67927751
8,-3,0.486,196.9710613,120.2266664,23.67833939
8,-3,0.487,188.3114167,120.2264595,23.6773625
8,-3,0.488,179.6830928,120.226414,23.6763648
8,-3,0.489,165.6574406,120.2265348,23.67537376
8,-3,0.49,156.8979878,120.2268365,23.67442176
8,-3,0.491,147.3168166,120.2272898,23.67353214
8,-3,0.492,137.3824122,120.2278752,23.67272278
8,-3,0.493,136.1970495,120.2285576,23.67199191
8,-3,0.494,169.0830047,120.2289927,23.67111417
8,-3,0.495,171.0782322,120.2291557,23.67012763
8,-3,0.496,168.7885693,120.2293151,23.66914042
8,-3,0.497,173.9680235,120.2292933,23.66816497
8,-3,0.498,174.5172662,120.2293892,23.66716961
8,-3,0.499,181.9102076,120.2294121,23.66617108
8,-3,0.5,177.4080025,120.229447,23.66517225
8,-3,0.501,179.602636,120.2294761,23.66417271
8,-3,0.502,181.418548,120.229473,23.66317276
8,-3,0.503,183.1697722,120.2294379,23.66217344
8,-3,0.504,185.9102394,120.2293571,23.66117686
8,-3,0.505,185.95078,120.2292442,23.66018335
8,-3,0.506,194.6837121,120.2290523,23.65920239
8,-3,0.507,198.6064333,120.2287757,23.65824169
8,-3,0.508,205.6387401,120.2284203,23.65730774
8,-3,0.509,218.5716506,120.2278855,23.65646569
8,-3,0.51,261.9690184,120.2269734,23.65611649
8,-3,0.511,278.2421693,120.2259789,23.65617226
8,-3,0.512,284.7266735,120.225004,23.65639211
8,-3,0.513,303.3012009,120.224085,23.65675288
8,-3,0.514,286.0753255,120.2231494,23.65708217
8,-3,0.515,286.4670634,120.2221872,23.65735424
8,-3,0.516,284.3207613,120.2212204,23.65760961
8,-3,0.517,289.1775759,120.2202699,23.6579179
8,-3,0.518,290.0629574,120.219327,23.65825078
8,-3,0.519,289.6274086,120.218382,23.65857777
8,-3,0.52,289.7276532,120.2174337,23.65889448
8,-3,0.521,294.1300644,120.2164941,23.6592363
8,-3,0.522,288.5240512,120.2155666,23.65960822
8,-3,0.523,290.1630331,120.2146264,23.65994856
8,-3,0.524,290.8540215,120.2136903,23.66030028
8,-3,0.525,291.8288441,120.21276,23.66066704
8,-3,0.526,293.1908562,120.2118375,23.66105299
8,-3,0.527,295.0872291,120.2109228,23.66145683
8,-3,0.528,296.56614,120.2100248,23.66189667
8,-3,0.529,300.7138825,120.2091442,23.66236979
8,-3,0.53,302.9008567,120.2082933,23.66289493
8,-3,0.531,307.2262725,120.2074779,23.66347322
8,-3,0.532,312.1836463,120.206711,23.66411438
8,-3,0.533,316.8217133,120.2060002,23.66481708
8,-3,0.534,325.1839909,120.2053684,23.66559076
8,-3,0.535,333.5404751,120.2048366,23.66643625
8,-3,0.536,344.2832995,120.2044587,23.66735986
8,-3,0.537,354.7394196,120.204275,23.66834051
8,-3,0.538,8.351481365,120.2043191,23.66933579
8,-3,0.539,21.17734465,120.2046015,23.67029205
8,-3,0.54,31.39824379,120.2050695,23.67117401
8,-3,0.541,37.51630085,120.2056428,23.67199257
8,-3,0.542,34.77897525,120.2062389,23.67279536
8,-3,0.543,26.26855325,120.2067712,23.67364069
8,-3,0.544,12.16031113,120.2071334,23.67456927
8,-3,0.545,356.8036069,120.2072346,23.67555905
8,-3,0.546,341.2270118,120.207038,23.67653456
8,-3,0.547,325.6184472,120.2065935,23.67742694
8,-3,0.548,315.3299462,120.205965,23.67820247
8,-3,0.549,310.0699883,120.2052278,23.67887663
8,-3,0.55,302.2787462,120.2044139,23.67945628
8,-3,0.551,297.0365897,120.2035477,23.67995507
8,-3,0.552,292.5454226,120.2026468,23.68038858
8,-3,0.553,294.6147711,120.2017285,23.68078406
8,-3,0.554,284.2708196,120.2007691,23.68106372
8,-3,0.555,276.1624117,120.1997814,23.68121435
8,-3,0.556,264.8074325,120.1987839,23.68119425
8,-3,0.557,258.3073564,120.1977988,23.6810261
8,-3,0.558,252.2399672,120.1968397,23.68074411
8,-3,0.559,248.611614,120.1959034,23.68039319
8,-3,0.56,246.5537306,120.1949815,23.68000585
8,-3,0.561,246.428397,120.1940642,23.67960775
8,-3,0.562,244.669218,120.1931494,23.67920427
8,-3,0.563,243.7222369,120.1922499,23.67876742
8,-3,0.564,241.8737243,120.1913557,23.67831999
8,-3,0.565,238.8269124,120.1904802,23.67783735
8,-3,0.566,234.3582579,120.1896446,23.67728909
8,-3,0.567,221.9290482,120.1889079,23.67661756
8,-3,0.568,202.0754846,120.1884248,23.67574676
8,-3,0.569,185.5476899,120.1882096,23.67477231
8,-3,0.57,182.087341,120.188138,23.67377513
8,-3,0.571,181.82084,120.1881058,23.67277565
8,-3,0.572,183.2541144,120.1880617,23.67177667
8,-3,0.573,185.4358008,120.18799,23.67077943
8,-3,0.574,189.7810772,120.1878591,23.66978818
8,-3,0.575,192.9392126,120.18767,23.66880639
8,-3,0.576,195.4963533,120.1874277,23.66783634
8,-3,0.577,198.7380339,120.1871241,23.66688383
8,-3,0.578,200.0099164,120.1867982,23.66593851
8,-3,0.579,201.3425069,120.1864418,23.66500419
8,-3,0.58,202.0958621,120.1860663,23.66407743
8,-3,0.581,202.5721777,120.1856842,23.66315328
8,-3,0.582,201.9067745,120.1853073,23.66222704
8,-3,0.583,200.5122539,120.1849485,23.66129368
8,-3,0.584,198.771477,120.1846211,23.66034886
8,-3,0.585,193.8404698,120.184337,23.65939021
8,-3,0.586,189.4820031,120.1841232,23.65841367
8,-3,0.587,184.955751,120.1839916,23.65742277
8,-3,0.588,180.4756635,120.1839445,23.6564243
8,-3,0.589,176.272448,120.183982,23.65542533
8,-3,0.59,171.1719955,120.1840932,23.65443174
8,-3,0.591,168.5926046,120.1842636,23.65344648
8,-3,0.592,166.767392,120.1844788,23.65247001
8,-3,0.593,165.3812202,120.1847188,23.65149927
8,-3,0.594,164.7099541,120.1849731,23.65053218
8,-3,0.595,165.2689998,120.1852347,23.64956701
8,-3,0.596,165.1419565,120.1854921,23.64860072
8,-3,0.597,166.168666,120.1857411,23.64763222
8,-3,0.598,167.1078407,120.1859746,23.64665986
8,-3,0.599,168.1592553,120.1861895,23.64568327
8,-3,0.6,169.0968834,120.1863862,23.64470281
8,-3,0.601,169.8225024,120.1865674,23.64371938
8,-3,0.602,168.9027526,120.1867401,23.6427344
8,-3,0.603,169.6157435,120.1869243,23.64175156
8,-3,0.604,168.7927099,120.1871099,23.64076895
8,-3,0.605,168.5063094,120.1873095,23.63978909
8,-3,0.606,166.5852514,120.1875299,23.63881375
8,-3,0.607,164.9715451,120.1877737,23.63784395
8,-3,0.608,164.2925366,120.1880401,23.63688009
8,-3,0.609,162.9544126,120.1883222,23.63592073
8,-3,0.61,162.5602433,120.1886179,23.63496545
8,-3,0.611,163.1243267,120.1889189,23.63401187
8,-3,0.612,162.2858783,120.18922,23.63305829
8,-3,0.613,162.6172326,120.189522,23.63210499
8,-3,0.614,162.0279561,120.1898203,23.63115053
8,-3,0.615,162.6833298,120.1901214,23.63019694
8,-3,0.616,162.8338237,120.1904168,23.62924157
8,-3,0.617,163.4154107,120.1907067,23.62828454
8,-3,0.618,163.5353445,120.1909928,23.62732633
8,-3,0.619,163.5778879,120.1912597,23.62636272
8,-3,0.62,163.5641469,120.1915423,23.6254035
8,-3,0.621,163.3439888,120.1918269,23.62444486
8,-3,0.622,162.7446427,120.1921286,23.6234915
8,-3,0.623,162.7355587,120.1924245,23.62253629
8,-3,0.624,162.6982649,120.1927126,23.62157875
8,-3,0.625,161.3267055,120.1930214,23.62062762
8,-3,0.626,158.6992527,120.1933514,23.61968375
8,-3,0.627,156.5366998,120.1937228,23.61875531
8,-3,0.628,155.3170805,120.1941153,23.61783566
8,-3,0.629,156.2222719,120.1945174,23.61692016
8,-3,0.63,154.1675217,120.1949302,23.61600943
8,-3,0.631,153.5612797,120.1953698,23.61511121
8,-3,0.632,152.0845897,120.1958351,23.61422622
8,-3,0.633,151.6517961,120.1963099,23.61334618
8,-3,0.634,149.9928193,120.1968134,23.61248263
8,-3,0.635,146.9930625,120.1973311,23.6116273
8,-3,0.636,143.6826848,120.1978987,23.61080454
8,-3,0.637,144.2084347,120.1984769,23.60998867
8,-3,0.638,142.6279989,120.1990757,23.60918783
8,-3,0.639,137.7465841,120.1996876,23.60839761
8,-3,0.64,138.3004772,120.2003306,23.60763191
8,-3,0.641,135.9057023,120.2010148,23.60690274
8,-3,0.642,132.9203934,120.2017195,23.60619334
8,-3,0.643,131.2592243,120.2024598,23.60552116
8,-3,0.644,127.8103933,120.2032273,23.6048803
8,-3,0.645,126.0338736,120.2040248,23.60427723
8,-3,0.646,121.9026459,120.2048565,23.60372241
8,-3,0.647,118.7573389,120.2057064,23.60319586
8,-3,0.648,114.433809,120.2065973,23.6027422
8,-3,0.649,112.7092076,120.207513,23.60234049
8,-3,0.65,108.7892456,120.2084522,23.60199792
8,-3,0.651,104.6791912,120.2094099,23.60171114
8,-3,0.652,100.7313934,120.2103869,23.60149924
8,-3,0.653,96.29134075,120.2113764,23.60135703
8,-3,0.654,94.2511812,120.2123726,23.60127082
8,-3,0.655,91.90520078,120.2133714,23.60122447
8,-3,0.656,90.88211824,120.2143712,23.60120498
8,-3,0.657,92.0218958,120.2153708,23.60117853
8,-3,0.658,96.39626591,120.2163669,23.60109349
8,-3,0.659,104.4817768,120.2173451,23.6008894
8,-3,0.66,112.3819853,120.2182825,23.60054303
8,-3,0.661,117.1199954,120.2191798,23.60010249
8,-3,0.662,117.4627146,120.2200596,23.59962743
8,-3,0.663,115.323802,120.2209423,23.59915831
8,-3,0.664,112.0556509,120.2218427,23.59872403
8,-3,0.665,110.6371847,120.2227689,23.59834816
8,-3,0.666,105.8592542,120.2237246,23.59805466
8,-3,0.667,99.37977774,120.2247052,23.597861
8,-3,0.668,93.46836357,120.2257014,23.59777897
8,-3,0.669,85.10903472,120.2266993,23.59783663
8,-3,0.67,76.84579316,120.2276802,23.59802749
8,-3,0.671,68.19392766,120.2286203,23.59836636
8,-3,0.672,58.65236829,120.2294961,23.59884722
8,-3,0.673,48.15300698,120.2302938,23.5994476
8,-3,0.674,42.25810015,120.2310056,23.60014886
8,-3,0.675,33.73681028,120.2316224,23.60093502
8,-3,0.676,28.10158575,120.2321396,23.60179042
8,-3,0.677,22.44534973,120.23257,23.6026927
8,-3,0.678,19.09048524,120.2329179,23.60363005
8,-3,0.679,15.74980804,120.233205,23.60458778
8,-3,0.68,12.71107285,120.233444,23.60555874
8,-3,0.681,12.08602566,120.2336575,23.60653565
8,-3,0.682,12.60379079,120.2338689,23.60751305
8,-3,0.683,14.67146062,120.2341038,23.60848498
8,-3,0.684,18.0780816,120.2343886,23.60944331
8,-3,0.685,22.55928161,120.2347441,23.61037761
8,-3,0.686,27.83581915,120.2351791,23.6112775
8,-3,0.687,31.96348276,120.2356825,23.61214115
8,-3,0.688,35.83500834,120.2362424,23.61296925
8,-3,0.689,36.13753709,120.2368384,23.61377217
8,-3,0.69,38.91936551,120.2374586,23.61455627
8,-3,0.691,39.90450633,120.2380893,23.61533217
8,-3,0.692,38.48254313,120.2387222,23.61610617
8,-3,0.693,39.35262102,120.239353,23.61688186
8,-3,0.694,39.6389786,120.2399803,23.61766045
8,-3,0.695,34.73163319,120.2405954,23.61844772
8,-3,0.696,35.13678423,120.241185,23.61925508
8,-3,0.697,34.0714995,120.241768,23.62006722
8,-3,0.698,35.12322171,120.2423227,23.62089871
8,-3,0.699,34.10497529,120.2428884,23.62172323
8,-3,0.7,32.52807644,120.2434247,23.62256716
8,-3,0.701,25.04822351,120.2439201,23.62343397
8,-3,0.702,30.7477172,120.24438,23.62432052
8,-3,0.703,30.47610981,120.2448846,23.62518368
8,-3,0.704,32.31894343,120.2454028,23.62603847
8,-3,0.705,35.92777397,120.2459659,23.62686399
8,-3,0.706,38.59128775,120.2465795,23.62765335
8,-3,0.707,54.23202529,120.2473718,23.62826022
8,-3,0.708,70.53299672,120.2482481,23.62873278
8,-3,0.709,85.26141275,120.2491943,23.62904272
8,-3,0.71,95.21862631,120.2501924,23.6290513
8,-3,0.711,102.4823406,120.2511808,23.6289062
8,-3,0.712,118.555203,120.2521363,23.62861915
8,-3,0.713,116.6729356,120.2530616,23.62851083
8,-3,0.714,119.7397308,120.2539558,23.62806461
8,-3,0.715,115.4790534,120.2548592,23.62763607
8,-3,0.716,117.5420448,120.2557491,23.62718002
8,-3,0.717,118.9966676,120.256628,23.62670308
8,-3,0.718,119.9670982,120.2574989,23.62621176
8,-3,0.719,119.9410042,120.2583647,23.62571144
8,-3,0.72,118.2377748,120.2592377,23.62522404
8,-3,0.721,122.6634112,120.2600981,23.62471506
8,-3,0.722,119.8184259,120.2609577,23.62420459
8,-3,0.723,117.309961,120.2617757,23.62363338
8,-3,0.724,116.1773663,120.2626675,23.62318087
8,-3,0.725,114.6737209,120.2635696,23.6227495
8,-3,0.726,111.9475158,120.2644843,23.62234558
8,-3,0.727,111.6169472,120.265411,23.62196977
8,-3,0.728,106.5420533,120.2663595,23.62165561
8,-3,0.729,108.6264721,120.2673089,23.62134238
8,-3,0.73,107.8148232,120.2682677,23.6210611
8,-3,0.731,105.8541712,120.2692242,23.62076921
8,-3,0.732,103.969494,120.2701889,23.62050619
8,-3,0.733,103.3910936,120.27116,23.62026745
8,-3,0.734,103.82517,120.272132,23.62003259
8,-3,0.735,103.6006688,120.2731038,23.6197969
8,-3,0.736,104.6705055,120.2740728,23.61954995
8,-3,0.737,106.3420917,120.2750348,23.61927693
8,-3,0.738,110.5836618,120.2759782,23.61894609
8,-3,0.739,117.3007749,120.2768867,23.61853004
8,-3,0.74,128.3387755,120.2777229,23.6179854
8,-3,0.741,141.5646016,120.2784198,23.61727236
8,-3,0.742,152.5215335,120.2789472,23.61642487
8,-3,0.743,159.1669579,120.2793446,23.61550788
8,-3,0.744,162.8648787,120.2796709,23.61456298
8,-3,0.745,165.0882423,120.2799475,23.61360211
8,-3,0.746,167.7299775,120.2801786,23.61262933
8,-3,0.747,169.9157462,120.2803676,23.61164743
8,-3,0.748,173.213257,120.2805144,23.61065833
8,-3,0.749,174.8174608,120.2806224,23.60966424
8,-3,0.75,176.7260605,120.2807012,23.60866742
8,-3,0.751,176.2354401,120.2807667,23.60766958
8,-3,0.752,175.7453406,120.2808354,23.60667195
8,-3,0.753,172.9794437,120.2809292,23.60567642
8,-3,0.754,169.7276082,120.2810719,23.60468686
8,-3,0.755,164.2103069,120.2812906,23.60371168
8,-3,0.756,156.2390042,120.2816283,23.60277168
8,-3,0.757,144.1469907,120.2821185,23.60190262
8,-3,0.758,129.8934977,120.2827822,23.6011586
8,-3,0.759,118.5931705,120.283595,23.60057976
8,-3,0.76,114.0119363,120.2844906,23.6001366
8,-3,0.761,108.5588395,120.2854275,23.59978787
8,-3,0.762,105.7851731,120.2863901,23.59951707
8,-3,0.763,103.3294949,120.2873599,23.59927375
8,-3,0.764,101.4404677,120.2883379,23.59906508
8,-3,0.765,99.76078706,120.2893217,23.59888631
8,-3,0.766,98.33207993,120.2903099,23.59873344
8,-3,0.767,97.42192161,120.2913011,23.59860078
8,-3,0.768,96.07014741,120.2922948,23.59848934
8,-3,0.769,95.10916241,120.2932904,23.59839541
8,-3,0.77,94.69060635,120.2942868,23.59831078
8,-3,0.771,93.20012284,120.2952848,23.59824754
8,-3,0.772,93.33685019,120.296283,23.59818736
8,-3,0.773,93.56549043,120.2972813,23.59812881
8,-3,0.774,94.15724489,120.2982772,23.59804236
8,-3,0.775,95.45671725,120.2992743,23.59796617
8,-3,0.776,97.55107757,120.3002685,23.59785914
8,-3,0.777,100.6845717,120.3012574,23.59771129
8,-3,0.778,104.5653803,120.3022357,23.59750559
8,-3,0.779,109.4738123,120.3031963,23.59722856
8,-3,0.78,114.4201997,120.3041295,23.59687024
8,-3,0.781,117.9422839,120.3050241,23.59642405
8,-3,0.782,125.4416202,120.3058754,23.59589989
8,-3,0.783,129.6055522,120.3066742,23.59529901
8,-3,0.784,132.3714218,120.3074269,23.59464109
8,-3,0.785,136.2889259,120.3081345,23.59393484
8,-3,0.786,139.347322,120.3088135,23.59320098
8,-3,0.787,138.774996,120.3094763,23.59245235
8,-3,0.788,131.8549703,120.3101801,23.59174273
8,-3,0.789,126.6863745,120.3109562,23.59111375
8,-3,0.79,119.1406394,120.3118093,23.59059309
8,-3,0.791,114.8280905,120.3127033,23.59014579
8,-3,0.792,112.0605793,120.3136207,23.58974801
8,-3,0.793,110.0724865,120.314552,23.58938388
8,-3,0.794,108.1375258,120.315495,23.58905126
8,-3,0.795,105.6208816,120.3164484,23.58874978
8,-3,0.796,103.5114479,120.3174164,23.58849909
8,-3,0.797,102.7322598,120.3183905,23.58827275
8,-3,0.798,100.9784019,120.3193676,23.58806047
8,-3,0.799,99.23823743,120.3203509,23.58787825
8,-3,0.8,97.53758549,120.3213391,23.58772564
8,-3,0.801,96.08191109,120.3223315,23.58760317
8,-3,0.802,94.04084297,120.3233271,23.58750942
8,-3,0.803,92.67391689,120.3243172,23.58738295
8,-3,0.804,91.00786712,120.3253165,23.58734614
8,-3,0.805,89.40297661,120.3263164,23.58733888
8,-3,0.806,87.88276131,120.3273162,23.58735927
8,-3,0.807,86.47098714,120.328315,23.58740605
